0.6484016 0.6484159 0.64844 0.648436 0.6484345
0.6484458 0.648441 0.648443 0.648471 0.6484388
0.6484393 0.6484655 0.6484566 0.6484716 0.6484881
0.6484777 0.6484307 0.6484352 0.6484343 0.6484621
0.6484433 0.6484143 0.6484397 0.6484383 0.6484387
0.6484605 0.6484458 0.6484619 0.648441 0.6484263
0.6484279 0.6484396 0.6484466 0.6483993 0.6484218
0.6484754 0.6484675 0.6484577 0.6484414 0.6484492
0.6484489 0.6484323 0.6484871 0.6484419 0.6484522
0.6484657 0.6484443 0.6484427 0.6484405 0.648427
0.6484153 0.6484143 0.6484047 0.6484102 0.6483539
0.6484305 0.6484339 0.6484244 0.6484903 0.6484485
0.6484258 0.6484071 0.6484067 0.6484185 0.6484577
0.6484388 0.6484646 0.6484101 0.6484626 0.6484253
0.6484199 0.648406 0.6483788 0.6484234 0.648466
0.6484873 0.6484837 0.6484662 0.6484644 0.6484608
0.6484607 0.6484881 0.6484709 0.6484818 0.648459
0.6484199 0.6484302 0.6484222 0.6484483 0.6484846
0.6485149 0.6484639 0.6484408 0.6484669 0.6484751
0.6484453 0.6484854 0.6484463 0.6484436 0.6484401
0.6484625 0.648432 0.6484681 0.6484267 0.6484448
0.6484214 0.6484059 0.6484165 0.6484373 0.6484612
0.6484413 0.6484447 0.6484364 0.6484497 0.6484735
0.6484569 0.6484557 0.6484418 0.6484003 0.6484398
0.648434 0.648445 0.6484215 0.6484693 0.64844
0.6484543 0.6484533 0.6484391 0.6484052 0.6484095
0.648444 0.648421 0.6484544 0.6484189 0.6484342
0.6484624 0.6484438 0.6484577 0.6484511 0.6484687
0.6484663 0.6484188 0.6484538 0.6484375 0.6484528
0.6484483 0.6484471 0.6484568 0.6484396 0.6484495
0.6484505 0.6484511 0.6484314 0.6484148 0.6484489
0.6484318 0.6484204 0.648424 0.6484687 0.6484418
0.6484385 0.6484442 0.6484437 0.6484439 0.6484102
0.6484148 0.6484502 0.6484839 0.6484822 0.6484887
0.6485124 0.6484993 0.6484949 0.6484684 0.6484397
0.6484556 0.6484328 0.6484563 0.6484139 0.6484427
0.6484389 0.648459 0.6484304 0.6484314 0.6484479
0.6484112 0.6483874 0.6484286 0.6484273 0.6483949
0.6483843 0.6484106 0.6484275 0.6484337 0.6484604
0.648472 0.6484607 0.6484399 0.6484203 0.6484167
0.648422 0.6484387 0.6484223 0.648428 0.6484528
0.6484261 0.6484029 0.6484195 0.6484257 0.6484542
0.6484457 0.6484646 0.648472 0.6484329 0.6484671
0.6484378 0.6484036 0.6484209 0.6484012 0.6484295
0.6484456 0.6484618 0.6484512 0.6484379 0.64845
0.6484378 0.648494 0.6484345 0.6484468 0.6484063
0.6483916 0.6484152 0.648434 0.64847 0.6484806
0.6484668 0.648462 0.6484306 0.6484634 0.648465
0.6484586 0.6484545 0.6484327 0.6484522 0.6484018
0.6484251 0.6484261 0.6483993 0.6484044 0.6484275
0.648458 0.6484212 0.6484398 0.6484376 0.6484576
0.6484828 0.6484608 0.6484274 0.6483954 0.6484304
0.6484242 0.6484169 0.6484437 0.6484351 0.6484734
0.6484814 0.6484871 0.6484617 0.6485004 0.6484758
0.648454 0.6484396 0.6484041 0.6483985 0.6484172
0.648427 0.6484275 0.6484362 0.648407 0.6484256
0.6484371 0.6484476 0.6484401 0.6484356 0.6484166
0.6484268 0.6484632 0.6484932 0.6484971 0.6484773
0.648443 0.6484795 0.648465 0.6484846 0.6484943
0.6484902 0.6484695 0.6484576 0.6484456 0.6484736
0.6484921 0.6484593 0.6484597 0.6484624 0.6484308
0.6484567 0.6484775 0.6484837 0.6484703 0.6484893
0.6484502 0.6484055 0.6484477 0.6484639 0.6484899
0.6484814 0.6484769 0.648504 0.6484888 0.6484644
0.6484301 0.6484387 0.6484162 0.6484216 0.6484399
0.6484286 0.6484441 0.6484597 0.6484479 0.6484329
0.6484171 0.648391 0.648431 0.6483899 0.6483833
0.648412 0.6483993 0.6484287 0.6484153 0.6484357
0.6484578 0.6484512 0.6484645 0.648466 0.6484693
0.6484532 0.6484555 0.648442 0.6484481 0.6484313
0.6484339 0.6484358 0.6484342 0.648421 0.6484134
0.6484658 0.6484503 0.6484653 0.6484883 0.6484585
0.6485005 0.6484983 0.6484618 0.6484236 0.6484409
0.6484328 0.6484427 0.6484593 0.6484588 0.6484562
0.6484737 0.6484699 0.6484616 0.6484757 0.6484827
0.6484781 0.6484612 0.6484785 0.6485039 0.6484634
0.6484012 0.6484048 0.6483987 0.6484479 0.6484186
0.6484413 0.6484911 0.648483 0.648501 0.6484863
0.648501 0.6484562 0.6484452 0.6484374 0.6484274
0.6484483 0.6484523 0.6484344 0.6484611 0.6484742
0.6484829 0.6484349 0.6484327 0.6484215 0.6484723
0.6484771 0.6484674 0.6484699 0.6484603 0.6484174
0.6484265 0.6484444 0.6484559 0.648468 0.6484843
0.648482 0.6484614 0.6484754 0.6484842 0.6484566
0.6484799 0.6484973 0.6484899 0.6485069 0.6484291
0.6484352 0.6484383 0.6484424 0.6484718 0.6484942
0.6484608 0.6484745 0.6484585 0.6484131 0.6483909
0.6484424 0.6484432 0.648432 0.6484634 0.6484744
0.6484709 0.6484837 0.6484889 0.648484 0.6484703
0.648461 0.6484357 0.6484647 0.6484307 0.6484593
0.6484547 0.6484409 0.6484402 0.6484231 0.6484409
0.6484835 0.6484971 0.6484667 0.6484852 0.648512
0.6485249 0.6484957 0.6484645 0.6484443 0.6484343
0.648454 0.6484391 0.6483993 0.6484286 0.6484522
0.6484534 0.6484555 0.6484525 0.6484416 0.6484497
0.6484561 0.6484484 0.6484563 0.6484756 0.6484639
0.6484402 0.6484586 0.6484342 0.6484649 0.6484378
0.6484264 0.648436 0.6484643 0.6484615 0.648472
0.6484402 0.6484122 0.6484563 0.6484682 0.6484835
0.6484482 0.648474 0.6484473 0.6484614 0.6484301
0.6484302 0.6484213 0.6484448 0.6484315 0.6484316
0.6484852 0.6484424 0.6484319 0.6484363 0.6484346
0.6484325 0.6484683 0.6484289 0.64843 0.6484426
0.6484435 0.6484635 0.6484487 0.6484327 0.6484196
0.6484319 0.6484591 0.6484531 0.6484083 0.6484003
0.648421 0.6484092 0.6484608 0.6484263 0.6484325
0.6484246 0.6484154 0.6484487 0.648423 0.6484546
0.6484528 0.6484514 0.6484879 0.6484612 0.6484244
0.6484337 0.6484178 0.6483983 0.6484587 0.6484691
0.648444 0.6484241 0.6484124 0.648425 0.6484267
0.6484413 0.6484079 0.6484114 0.648452 0.6484754
0.6484535 0.6484442 0.6484314 0.6484562 0.6484324
0.6484394 0.6484748 0.648463 0.6484494 0.6484134
0.6484076 0.6484252 0.6484214 0.6484521 0.6484178
0.6484069 0.6483971 0.6484415 0.6484459 0.6484556
0.6484543 0.648443 0.6484402 0.6484213 0.6484532
0.6484608 0.6484846 0.6484571 0.6484813 0.6485084
0.6484915 0.648501 0.6484055 0.6484414 0.6484525
0.6484641 0.6484607 0.648431 0.6484493 0.6484554
0.6484712 0.6484404 0.6484125 0.6484233 0.6484264
0.6483944 0.648413 0.6484037 0.6483979 0.6483895
0.6484341 0.6484321 0.6484124 0.6484655 0.6484377
0.648455 0.648435 0.64841 0.6483975 0.6484326
0.6484323 0.6484121 0.6484474 0.6484458 0.6484525
0.6484692 0.6484542 0.6484813 0.6484946 0.6484645
0.6484249 0.6484653 0.6484762 0.6484887 0.6484915
0.6484866 0.6484598 0.6484044 0.6483858 0.6483982
0.6484138 0.648404 0.6484349 0.6484619 0.6484579
0.6484376 0.6484669 0.6484511 0.6484184 0.6484596
0.6484697 0.648468 0.6484552 0.6484149 0.6483953
0.6484235 0.6484654 0.6484414 0.648445 0.6484477
0.648489 0.6484752 0.648467 0.6484683 0.6484706
0.6484356 0.6484417 0.648469 0.6484551 0.6484773
0.64846 0.6484833 0.648429 0.6484477 0.6484739
0.6484718 0.6484747 0.6484676 0.6484848 0.6484884
0.6484597 0.6484399 0.6484252 0.6484348 0.6484566
0.648447 0.6484463 0.6484823 0.6484271 0.6484414
0.6484396 0.6484403 0.6484421 0.648461 0.6484651
0.648452 0.6484811 0.6484073 0.6484175 0.648434
0.6484192 0.6484605 0.6484674 0.648453 0.6484545
0.648442 0.648441 0.6484416 0.6484462 0.6484057
0.6484435 0.6484693 0.6484309 0.6484557 0.6484682
0.6484507 0.6484133 0.6484031 0.6484191 0.648447
0.6484435 0.6484448 0.6484338 0.6484361 0.6484037
0.6484288 0.6484443 0.6484264 0.648454 0.6484729
0.6484583 0.6484394 0.648396 0.6484164 0.6483985
0.6483987 0.6484405 0.6484644 0.648455 0.6484673
0.6484646 0.6484562 0.6483933 0.6484243 0.6484161
0.6485106 0.6484767 0.6484499 0.6484699 0.6484246
0.6484358 0.6483987 0.6484052 0.6484022 0.6484585
0.648461 0.6484494 0.6484493 0.648443 0.6484192
0.6484195 0.6484307 0.6484105 0.6484082 0.6484347
0.6484644 0.6485014 0.6484658 0.6485123 0.6484607
0.6484878 0.6484673 0.6484499 0.6484405 0.6484295
0.6484489 0.6484366 0.6484392 0.6484593 0.6484716
0.6484535 0.6484677 0.6484666 0.6484423 0.648421
0.6484273 0.6484622 0.6484861 0.6484319 0.6484622
0.6484779 0.6484347 0.6484307 0.6484334 0.6484353
0.648462 0.6484454 0.6484511 0.6484699 0.6484682
0.6484631 0.6484886 0.6484387 0.6484586 0.6484655
3.843978 3.8438 3.843564 3.843657 3.843707
3.843507 3.843535 3.843572 3.843386 3.843572
3.843584 3.843475 3.843489 3.843381 3.843287
3.843239 3.843731 3.843569 3.843658 3.84328
3.843606 3.843773 3.843697 3.843829 3.843697
3.843516 3.843628 3.843478 3.843593 3.843769
3.843821 3.843709 3.843626 3.844082 3.844015
3.843371 3.843329 3.843362 3.843616 3.84345
3.843486 3.843488 3.843225 3.843545 3.843607
3.843362 3.843509 3.843544 3.843707 3.843597
3.843919 3.843884 3.844051 3.844011 3.844383
3.843771 3.843693 3.843782 3.843067 3.843594
3.843665 3.843955 3.843927 3.843904 3.843415
3.843476 3.843506 3.84396 3.843354 3.843606
3.843759 3.843751 3.844272 3.843885 3.843364
3.843127 3.843253 3.843489 3.843336 3.843385
3.843406 3.84313 3.843335 3.843283 3.843438
3.843816 3.843593 3.843836 3.843689 3.84338
3.84276 3.84338 3.843414 3.84337 3.843177
3.843438 3.843137 3.843591 3.843534 3.843544
3.843475 3.8436 3.843416 3.843878 3.843685
3.843804 3.843921 3.843809 3.843784 3.843471
3.843511 3.843509 3.843583 3.843501 3.843311
3.843433 3.843497 3.843551 3.844029 3.843746
3.843665 3.843488 3.843741 3.843305 3.84353
3.84348 3.843509 3.843607 3.843971 3.844039
3.843654 3.843808 3.843499 3.843825 3.843744
3.84346 3.843698 3.843373 3.843559 3.843348
3.843429 3.843691 3.843659 3.843509 3.843577
3.843524 3.843472 3.843538 3.843651 3.84375
3.84352 3.843345 3.843671 3.843919 3.843599
3.843705 3.843813 3.843844 3.84343 3.843613
3.843533 3.843555 3.843706 3.843555 3.843734
3.843827 3.843524 3.843236 3.843226 3.843111
3.84302 3.84314 3.843112 3.843294 3.843579
3.843549 3.843569 3.843472 3.843835 3.843543
3.843698 3.84333 3.843684 3.843576 3.843619
3.843815 3.844076 3.843778 3.843716 3.843947
3.844319 3.843904 3.843714 3.843661 3.843429
3.843257 3.843326 3.843669 3.843638 3.84378
3.843742 3.843632 3.843578 3.843604 3.843554
3.843625 3.843902 3.843821 3.843819 3.843523
3.843738 3.843471 3.843332 3.843497 3.843358
3.843689 3.844018 3.843845 3.843888 3.843771
3.843604 3.843446 3.843525 3.84361 3.843488
3.84354 3.842962 3.843575 3.843473 3.843955
3.843954 3.843849 3.843694 3.843454 3.843276
3.843397 3.843526 3.843668 3.843315 3.84333
3.843346 3.84348 3.843563 3.843448 3.844011
3.84372 3.843717 3.843905 3.84407 3.843658
3.843328 3.843845 3.843665 3.843726 3.84354
3.843157 3.843247 3.843944 3.843857 3.84358
3.843896 3.843757 3.843465 3.843752 3.843428
3.843114 3.843161 3.843459 3.843069 3.843075
3.843366 3.843665 3.844019 3.843908 3.843935
3.843652 3.843571 3.843716 3.843989 3.843777
3.843653 3.843591 3.843517 3.843611 3.843692
3.843519 3.843612 3.843135 3.843114 3.84327
3.843563 3.843185 3.843385 3.843228 3.843149
3.843044 3.843263 3.843372 3.843515 3.843432
3.843126 3.84339 3.843524 3.84326 3.843706
3.843489 3.84339 3.843285 3.84328 3.843054
3.843642 3.843847 3.843642 3.843444 3.843154
3.84313 3.843322 3.843073 3.843192 3.843364
3.843623 3.843656 3.843841 3.843742 3.843595
3.843673 3.843416 3.843315 3.843706 3.843726
3.84389 3.844111 3.843545 3.844053 3.84434
3.844064 3.843962 3.843822 3.844 3.843684
3.843351 3.843466 3.843361 3.843401 3.84339
3.843554 3.843519 3.843538 3.843503 3.843482
3.843567 3.843614 3.843698 3.843872 3.843781
3.843462 3.843562 3.843343 3.843173 3.843475
3.843015 3.843093 3.843325 3.843684 3.8436
3.843728 3.843823 3.843534 3.843355 3.843355
3.843225 3.843454 3.843436 3.843294 3.843252
3.843284 3.843288 3.843259 3.843102 3.843253
3.843948 3.844034 3.844054 3.843696 3.8437
3.843452 3.843378 3.8431 3.843165 3.843096
3.843155 3.843458 3.843586 3.843645 3.843862
3.843521 3.843521 3.843612 3.843534 3.843197
3.843209 3.843688 3.843758 3.84383 3.843268
3.843441 3.843422 3.84337 3.843468 3.84391
3.843791 3.843687 3.843591 3.843407 3.843269
3.843117 3.843526 3.843362 3.843159 3.84341
3.843424 3.843132 3.843096 3.842954 3.843616
3.843767 3.843515 3.843555 3.843308 3.843196
3.843401 3.843435 3.843322 3.843915 3.844113
3.843804 3.843517 3.843734 3.843428 3.843269
3.843303 3.843251 3.843235 3.843386 3.843318
3.843417 3.843755 3.843407 3.843733 3.843477
3.843454 3.843531 3.843512 3.843605 3.843647
3.84327 3.84303 3.843417 3.843211 3.843061
3.842812 3.843164 3.843427 3.843558 3.843503
3.843455 3.843538 3.843867 3.843608 3.843474
3.843474 3.843545 3.843618 3.84363 3.843642
3.843453 3.843422 3.84348 3.843396 3.843468
3.843623 3.843564 3.843598 3.84345 3.843614
3.843768 3.843613 3.84339 3.84328 3.843351
3.843649 3.843793 3.843477 3.843367 3.843206
3.843582 3.843428 3.843688 3.843467 3.843643
3.843749 3.843774 3.84358 3.843774 3.843663
3.843352 3.843537 3.843707 3.843668 3.843634
3.843564 3.843417 3.84363 3.84369 3.843657
3.84354 3.843341 3.843498 3.843786 3.843706
3.843938 3.843424 3.843394 3.843833 3.84417
3.843916 3.843803 3.843526 3.843833 3.84373
3.843889 3.843781 3.843648 3.843496 3.843497
3.843519 3.843478 3.843086 3.843381 3.843738
3.843742 3.843786 3.843994 3.843508 3.843272
3.843564 3.843678 3.843898 3.843657 3.843725
3.843598 3.843837 3.843949 3.843582 3.843242
3.843477 3.843477 3.84353 3.843416 3.84379
3.843625 3.843324 3.843428 3.843467 3.843839
3.843831 3.843733 3.843759 3.843554 3.843667
3.84386 3.844065 3.84366 3.843637 3.843542
3.843458 3.843504 3.843688 3.843797 3.843482
3.8436 3.843337 3.843454 3.843181 3.842975
3.842996 3.84297 3.84391 3.843525 3.843651
3.843463 3.84331 3.843728 3.843452 3.843456
3.843393 3.843552 3.843954 3.843622 3.843629
3.84397 3.84392 3.843847 3.843938 3.843974
3.843691 3.843679 3.843877 3.843564 3.843492
3.84348 3.843644 3.843833 3.843951 3.843819
3.843701 3.843724 3.843531 3.843567 3.843536
3.843497 3.843408 3.84324 3.843154 3.843367
3.843882 3.843383 3.843354 3.843133 3.843229
3.843155 3.843566 3.843782 3.84407 3.843957
3.84397 3.843957 3.843691 3.843414 3.843449
3.843622 3.843322 3.843469 3.843666 3.843267
3.843408 3.84328 3.84339 3.843692 3.844091
3.843794 3.843481 3.84356 3.84359 3.843647
3.843196 3.843326 3.843311 3.843299 3.843356
3.843605 3.843515 3.843328 3.843457 3.843485
3.843466 3.843159 3.843624 3.843549 3.843316
3.843285 3.843279 3.843413 3.843257 3.843058
3.843455 3.84365 3.843665 3.843656 3.843418
3.843561 3.843608 3.843233 3.843748 3.843657
3.843545 3.843625 3.843509 3.843416 3.843248
3.843394 3.843125 3.843843 3.843777 3.843689
3.843805 3.84351 3.843331 3.843432 3.843454
3.843566 3.843514 3.843657 3.843614 3.843778
3.843862 3.843256 3.843648 3.843544 3.843302
3.843317 3.843692 3.843961 3.843714 3.843544
3.843635 3.843586 3.843749 3.843635 3.843969
3.843668 3.84359 3.843866 3.843521 3.843304
3.843543 3.84372 3.844054 3.843709 3.844058
3.844015 3.843603 3.843341 3.843391 3.843327
3.843336 3.843532 3.843958 3.844019 3.844019
3.842892 3.84325 3.84371 3.843373 3.843713
3.843678 3.84403 3.843896 3.843909 3.843553
3.843475 3.843448 3.843543 3.84349 3.843799
3.843819 3.84373 3.843872 3.843862 3.843757
3.843413 3.843164 3.843424 3.842944 3.843273
3.843021 3.843285 3.843541 3.843758 3.843638
3.843666 3.843674 3.843731 3.843507 3.843335
3.843419 3.84335 3.843376 3.843619 3.843759
3.843656 3.843277 3.84319 3.843692 3.843273
3.843173 3.843763 3.843886 3.843774 3.843611
3.843282 3.843562 3.843582 3.843392 3.843364
3.843439 3.843262 3.843778 3.843394 3.843468
