0.6377848 0.6377936 0.637829 0.6377349 0.6377247
0.6377139 0.6376943 0.6377066 0.63768 0.6377185
0.6377242 0.6377089 0.6377008 0.6377079 0.6377325
0.6376969 0.6376869 0.6376927 0.6377364 0.6377094
0.6377149 0.6377084 0.637701 0.6377195 0.6377534
0.6378051 0.6377258 0.6377652 0.6377813 0.6377512
0.6377334 0.63773 0.637743 0.6377217 0.6377296
0.6377285 0.6377128 0.6376983 0.6377038 0.637699
0.6377257 0.637696 0.6377097 0.6377162 0.6377105
0.6377126 0.6377139 0.6377122 0.6377035 0.6377157
0.6377455 0.6377216 0.6376936 0.6377396 0.6377143
0.6377118 0.6377203 0.6377139 0.6377567 0.637749
0.637747 0.6377259 0.6377507 0.6377226 0.6376998
0.6377512 0.6377507 0.6377651 0.6376968 0.6376952
0.6376741 0.6377082 0.637718 0.6376867 0.6376978
0.6377357 0.6377265 0.6377293 0.6377358 0.6377143
0.6377143 0.6377209 0.6377064 0.6376792 0.6377158
0.6377342 0.637734 0.6377297 0.6377172 0.6376983
0.6376955 0.6377172 0.6377371 0.6377098 0.6377235
0.6377058 0.6377434 0.6376905 0.6376761 0.63768
0.6377241 0.6377439 0.6377283 0.6377478 0.6377364
0.6377273 0.6377392 0.6377236 0.6377588 0.6377391
0.6377431 0.6377415 0.6376838 0.6376641 0.6376366
0.6376696 0.6376973 0.6376825 0.6377367 0.6377
0.6377136 0.6377446 0.6377539 0.6377346 0.6377456
0.6377404 0.6377067 0.6377146 0.6377355 0.6377472
0.6377739 0.6377714 0.6377177 0.6377532 0.6377716
0.6377757 0.6377588 0.6377043 0.6377171 0.6377363
0.6377281 0.6377117 0.6377409 0.6377134 0.6377032
0.6377245 0.6377219 0.6377286 0.6377295 0.6377262
0.6377331 0.6377047 0.6377087 0.6377169 0.6376972
0.6377118 0.6377233 0.6377178 0.6377193 0.6377085
0.6376839 0.6376812 0.6376944 0.6376938 0.637692
0.637735 0.6376985 0.6376872 0.6377201 0.6377146
0.6376977 0.6377394 0.6376989 0.637669 0.637684
0.6377021 0.6377088 0.6377221 0.6377556 0.6377198
0.637712 0.6377293 0.6377458 0.6377557 0.6377665
0.6377325 0.6377418 0.637722 0.6376525 0.6376641
0.6376985 0.6377056 0.6376793 0.6376652 0.6377372
0.6376901 0.6377532 0.6377494 0.6377531 0.6377065
0.6377434 0.6377063 0.6377768 0.6377469 0.6377346
0.6377719 0.6377727 0.6377588 0.6377228 0.6377413
0.6377326 0.6377464 0.6377552 0.6377015 0.6377308
0.6377338 0.637709 0.6377083 0.6377056 0.637727
0.6377388 0.6377504 0.6377464 0.6377635 0.637756
0.6377771 0.6377706 0.6377808 0.6377631 0.6377751
0.6377884 0.6377719 0.6377751 0.6377468 0.6377587
0.6377205 0.6377358 0.6377348 0.6377137 0.6376943
0.6376795 0.6376709 0.6376667 0.63768 0.637735
0.637752 0.6377501 0.6377413 0.6377283 0.6377025
0.637691 0.637724 0.6377349 0.6377318 0.6376965
0.6376603 0.6376772 0.6377038 0.6377008 0.6376927
0.6377277 0.637729 0.6377424 0.6376928 0.6377106
0.6377049 0.6377102 0.6376828 0.6377109 0.6376865
0.6377465 0.6377055 0.6376894 0.6377335 0.6377334
0.6377041 0.6376983 0.6377092 0.637721 0.6377336
0.6377243 0.637745 0.6377377 0.6376919 0.6377236
0.6376786 0.6376984 0.6377416 0.6377333 0.6377193
0.6377074 0.6376844 0.6377044 0.6376798 0.6376895
0.6377117 0.6377244 0.6377098 0.6377104 0.6377255
0.6377263 0.6377246 0.6377278 0.6377143 0.637747
0.6377603 0.6377154 0.6377538 0.6377621 0.6377578
0.6377416 0.6377494 0.637695 0.637725 0.6377427
0.6377265 0.6377158 0.6377317 0.6377548 0.6376993
0.63768 0.6377043 0.6377222 0.6377334 0.6377475
0.6377411 0.6377342 0.6377439 0.6377409 0.6377576
0.6377597 0.6377561 0.6377519 0.6377633 0.6377575
0.6377534 0.6377408 0.6377167 0.6376965 0.637687
0.6377111 0.6377087 0.6377195 0.6377231 0.637728
0.637718 0.6376956 0.6377148 0.6377372 0.6376777
0.637683 0.6377066 0.6377012 0.6377162 0.6377103
0.637747 0.6377593 0.6377412 0.6377248 0.6377285
0.6377219 0.6377294 0.6377262 0.6377507 0.637763
0.6377479 0.6377317 0.6377538 0.6377451 0.6377574
0.6377473 0.6377501 0.6377558 0.6377746 0.6377894
0.6377532 0.6377222 0.6377244 0.6376905 0.6377323
0.6377382 0.6377225 0.6377105 0.637723 0.6377555
0.6377281 0.6377468 0.6377278 0.63771 0.63772
0.6377106 0.6377255 0.6377234 0.6377129 0.6376591
0.6377134 0.6376941 0.6377052 0.6376466 0.637651
0.6375835 0.6375583 0.6375874 0.6375634 0.6376031
0.6375766 0.6376306 0.6376307 0.6376563 0.6376684
0.6377137 0.6376551 0.6376693 0.6376739 0.6376383
0.6376695 0.6377151 0.6377172 0.6377045 0.6376882
0.6376286 0.6376599 0.6376729 0.6376737 0.6376405
0.6376313 0.6376815 0.6376491 0.6376334 0.6376726
0.6376872 0.6376721 0.6376871 0.6377047 0.6377399
0.6377262 0.6377239 0.6377174 0.6376944 0.6377236
0.6376781 0.6376968 0.6377034 0.6377148 0.6376736
0.6376714 0.6377127 0.637726 0.6377083 0.6376486
0.6376565 0.6376999 0.6376992 0.6377016 0.6377187
0.6377376 0.6377648 0.6377315 0.6377093 0.6376854
0.637732 0.6377341 0.6376594 0.637641 0.6376523
0.6376752 0.6377138 0.6377002 0.6376916 0.6376792
0.6376964 0.63771 0.637696 0.6377 0.6377365
0.6377278 0.6377035 0.637676 0.6376816 0.6377212
0.6377535 0.6377915 0.6377707 0.637743 0.6377009
0.6377201 0.6377166 0.6377122 0.6377023 0.6377191
0.6377353 0.6377459 0.6377 0.6376956 0.6377548
0.6377612 0.6377119 0.6377024 0.6377404 0.6376686
0.637719 0.6376959 0.6376986 0.6376954 0.6377135
0.6376935 0.6377175 0.6377226 0.6377428 0.6377407
0.6377169 0.6377065 0.6377022 0.6377125 0.637731
0.637702 0.6377499 0.6377291 0.6377356 0.6377345
0.6377224 0.6377068 0.637708 0.6377311 0.6377342
0.6376986 0.6377211 0.6377164 0.6377242 0.6377121
0.6377012 0.6376822 0.6377603 0.6377581 0.6377402
0.6377694 0.6377527 0.6377582 0.6376884 0.6376917
0.6377068 0.6376602 0.6376906 0.6377125 0.6377369
0.6377314 0.6376991 0.6377327 0.6377325 0.6377277
0.6377293 0.6377125 0.6376757 0.637661 0.6376549
0.6376751 0.6377007 0.63771 0.6376972 0.6377069
0.6377271 0.6377177 0.6377158 0.6377197 0.6377347
0.6377194 0.637725 0.6377404 0.6377411 0.6377264
0.6377384 0.6377026 0.6376947 0.6377014 0.6376764
0.6376739 0.637692 0.6377157 0.6377117 0.6377097
0.6377153 0.6377191 0.6376873 0.6376922 0.6377315
0.6377488 0.6377453 0.6377512 0.6377872 0.6377341
0.6377492 0.6377575 0.6377621 0.6377376 0.6377319
0.6377267 0.6377264 0.637725 0.6377393 0.6377319
0.6376274 0.6376239 0.6376688 0.6376862 0.6376925
0.6376866 0.6377354 0.6377122 0.6377139 0.6377269
0.6377133 0.6377026 0.6376785 0.6377016 0.6376669
0.6376705 0.6376576 0.6376846 0.6376771 0.6376981
0.6377102 0.6376732 0.6376703 0.6377056 0.6377103
0.6377031 0.637737 0.6377366 0.6377297 0.6377758
0.6377654 0.6377496 0.6377199 0.6377597 0.6377444
0.6377434 0.6377092 0.6377126 0.6377227 0.6377378
0.6376723 0.6377128 0.6376969 0.6377023 0.6377395
0.6377409 0.6377348 0.6377555 0.6377415 0.6377035
0.6377032 0.6376936 0.6376734 0.6376657 0.6377499
0.6377343 0.637726 0.6377279 0.6377393 0.6377255
0.6377086 0.6377415 0.6377545 0.6377361 0.637716
0.6377315 0.6377303 0.6377144 0.6376945 0.6376993
0.6377139 0.6377297 0.6377114 0.6376945 0.6376596
0.6376835 0.6377099 0.6377418 0.6377618 0.6377398
0.637609 0.6376883 0.6377161 0.6377214 0.6377251
0.6376871 0.6377332 0.6377201 0.6377298 0.637752
0.6376886 0.6377156 0.6377399 0.6377312 0.6377121
0.6377134 0.6377043 0.6377164 0.6377528 0.6377331
0.6377269 0.6377295 0.6377369 0.6377267 0.6377467
0.6377155 0.6377019 0.6376939 0.6377415 0.6377094
0.6377215 0.6377178 0.6377354 0.637697 0.6377146
0.6376942 0.6376715 0.6377293 0.637742 0.6377476
0.6377394 0.6377072 0.637707 0.6377158 0.6376645
0.6376552 0.637676 0.6376768 0.6376752 0.6377103
0.6376879 0.6376951 0.6376953 0.6376732 0.6377348
0.6377193 0.6376875 0.6377048 0.6377288 0.6377065
0.6377262 0.6377231 0.6376739 0.6377016 0.6377218
0.6377171 0.6377186 0.6376955 0.6376554 0.6376494
0.637663 0.6376931 0.6377145 0.637715 0.6377099
0.6377203 0.6377257 0.6377166 0.6377098 0.6376698
0.6377377 0.6377148 0.6376704 0.6376924 0.6377232
0.6377179 0.6376802 0.6377039 0.63771 0.6377055
0.6377039 0.637713 0.6377017 0.6377013 0.6377255
0.637734 0.6377107 0.6377191 0.6377061 0.6377533
0.6377477 0.6377271 0.6376726 0.6377089 0.6377081
0.6377021 0.6377187 0.6377031 0.6377063 0.6377018
0.6376549 0.6376992 0.6377177 0.6377214 0.6376906
0.6376882 0.6377114 0.6376961 0.6376882 0.6376744
0.01333428 0.01331848 0.01328942 0.01329759 0.01328269
0.01328465 0.01329193 0.01329863 0.01330331 0.01329859
0.01329736 0.01334311 0.013352 0.01335687 0.01336381
0.0133619 0.0133593 0.01335944 0.01333815 0.01332697
0.01333098 0.01330385 0.01331389 0.01331305 0.01328573
0.01323864 0.01324519 0.01325868 0.01323736 0.01324698
0.01323779 0.01324562 0.01323405 0.01322368 0.01322574
0.01323025 0.01322848 0.01322158 0.01321782 0.01323958
0.01322992 0.01325148 0.01322075 0.01322773 0.01321268
0.01319354 0.01317331 0.0131478 0.01317096 0.01315921
0.01314752 0.01315082 0.0131817 0.01316049 0.01316897
0.01317325 0.01314481 0.01312804 0.01311689 0.01310759
0.01308606 0.01306713 0.0130688 0.01305817 0.0130759
0.01304468 0.01303435 0.01306179 0.01307741 0.0130729
0.01306969 0.01307894 0.01308787 0.01310069 0.01308066
0.01309804 0.01309183 0.01308991 0.01311006 0.01311445
0.01312319 0.01312076 0.01310778 0.01311052 0.01312583
0.01313897 0.01313691 0.01311685 0.01312357 0.01313161
0.01315263 0.01316671 0.01316732 0.01317861 0.01315207
0.0131461 0.0131684 0.01320238 0.01317951 0.01318711
0.01316965 0.0131839 0.01316666 0.01318344 0.0131708
0.01317208 0.01317183 0.01317339 0.01316626 0.01319233
0.01318461 0.01318533 0.01317619 0.01319688 0.01321606
0.01321619 0.01319656 0.0132131 0.01320026 0.01323503
0.01323942 0.01324183 0.01324093 0.0132359 0.01324501
0.0132488 0.01325506 0.01324521 0.01323884 0.01322468
0.01322781 0.01321982 0.01321561 0.01318977 0.01319831
0.01317223 0.01316206 0.01318032 0.01317685 0.01316237
0.01316661 0.01317966 0.01316384 0.01317598 0.01316591
0.01316828 0.01315572 0.01315559 0.01316401 0.01316635
0.01317092 0.01315945 0.01314534 0.013149 0.01317191
0.01316895 0.01316312 0.01315986 0.01318517 0.01317642
0.01318002 0.01318676 0.01320057 0.01317613 0.01319795
0.01316351 0.01314864 0.01317847 0.01318262 0.01317642
0.01317913 0.01316654 0.01317528 0.01318655 0.01320987
0.01321182 0.013199 0.01317432 0.01311602 0.01314696
0.01314244 0.01312856 0.01312794 0.01313386 0.01310641
0.01312175 0.01313061 0.01312371 0.01314603 0.01315935
0.01313679 0.01315734 0.013181 0.01319913 0.01315067
0.01317699 0.01315149 0.0131414 0.01311169 0.01311854
0.01324166 0.01324618 0.01322224 0.01325254 0.01328136
0.01325589 0.01326948 0.01325606 0.01323768 0.01323449
0.01324806 0.01323972 0.01322429 0.01325514 0.01325193
0.01322935 0.01319766 0.01319202 0.01322228 0.01320101
0.01321515 0.01322181 0.01323523 0.01322632 0.01321364
0.01320395 0.01320335 0.01320555 0.01321305 0.01317773
0.01315076 0.0131544 0.01310914 0.01311249 0.01308982
0.01308686 0.01307073 0.01304718 0.01304027 0.01306233
0.01309418 0.01310011 0.01310966 0.01310166 0.01307068
0.01307845 0.01309003 0.0130795 0.01307041 0.01308281
0.01310464 0.01308711 0.01307469 0.0130719 0.01310941
0.01313547 0.01313888 0.01312758 0.01313458 0.01313385
0.01312635 0.01312657 0.01310627 0.01309253 0.0130847
0.01310668 0.01311747 0.01312317 0.01312396 0.0131255
0.01314361 0.01318452 0.01318665 0.01316638 0.01319134
0.01318545 0.01320738 0.01319902 0.01319697 0.01318966
0.01319803 0.01317507 0.01317665 0.01321372 0.01320055
0.01322019 0.01319083 0.01320134 0.01320557 0.01320811
0.01320562 0.01323252 0.01323473 0.01325415 0.01322307
0.01322428 0.01322637 0.013229 0.01324029 0.01322163
0.01322908 0.01321292 0.01323056 0.01324662 0.01322368
0.01319577 0.01321686 0.0131799 0.01318697 0.01318746
0.01317943 0.01317792 0.01318222 0.0131951 0.01318726
0.01318302 0.013188 0.01315787 0.01314051 0.01318688
0.01321497 0.01322425 0.01325868 0.01324945 0.01322567
0.0132478 0.01322439 0.01322107 0.01321208 0.01318441
0.01318342 0.01318948 0.0131932 0.01314434 0.0131433
0.01312712 0.01312757 0.01312583 0.01313163 0.01314033
0.01314022 0.01313225 0.01314414 0.01316082 0.01317174
0.01317423 0.01317337 0.01316952 0.01316777 0.01318636
0.01322133 0.01325633 0.01325004 0.01325918 0.01320878
0.01321659 0.01321944 0.01320874 0.01322745 0.01319646
0.01320764 0.01317665 0.01315804 0.01314077 0.01314617
0.01312336 0.01312064 0.01310737 0.01312796 0.01310305
0.01311417 0.01312976 0.01311868 0.01312237 0.01311296
0.01311767 0.01311925 0.01313799 0.01313967 0.013112
0.01309324 0.01309676 0.01310163 0.01307821 0.01307666
0.01306087 0.01308847 0.01311866 0.01311075 0.01311102
0.01314076 0.01312892 0.01315451 0.01315286 0.01318818
0.01314482 0.01313936 0.01312921 0.01315934 0.01317954
0.01256989 0.01260352 0.01263369 0.01267676 0.01269918
0.01272249 0.01271158 0.01270619 0.01272429 0.0127475
0.01276423 0.01282357 0.01282238 0.01281794 0.01283258
0.01286766 0.01287584 0.01287018 0.01291472 0.01292851
0.01295765 0.01295963 0.01295511 0.0129661 0.01301394
0.01301442 0.01302794 0.01302862 0.01306962 0.01310676
0.01312499 0.01311606 0.01310394 0.01309965 0.01310772
0.01309397 0.01309958 0.01309704 0.01312116 0.01309909
0.01308799 0.01308889 0.01309098 0.01308563 0.01310181
0.01311258 0.01311407 0.01312162 0.01311158 0.01315273
0.01316361 0.01313825 0.0131278 0.0131461 0.01314119
0.01312805 0.0131095 0.01314902 0.0131461 0.01311981
0.01309479 0.01306972 0.01309999 0.01312265 0.01312238
0.01311537 0.01309154 0.01310107 0.01309643 0.01311188
0.01309667 0.01307489 0.01310047 0.01312067 0.01310673
0.01311097 0.01312162 0.01314548 0.01316114 0.01316135
0.01315056 0.01312768 0.01309369 0.01309977 0.01311246
0.01309294 0.01310726 0.01314583 0.01315242 0.01313986
0.01312562 0.01311603 0.01314416 0.01314184 0.0131448
0.01311831 0.01312778 0.01312178 0.01312055 0.01314955
0.01316004 0.01318715 0.01318404 0.01320108 0.01319509
0.01321581 0.01318108 0.01317177 0.01316725 0.01314319
0.01314585 0.01315688 0.01314727 0.01314215 0.01315293
0.01312995 0.01312198 0.01310678 0.01307323 0.01307596
0.01308236 0.01310453 0.01310426 0.01313332 0.0131553
0.0131572 0.01317069 0.01317279 0.01317253 0.01318674
0.01320095 0.01321603 0.0131861 0.01319695 0.01319989
0.01317004 0.0131816 0.01316108 0.01319378 0.01320025
0.0131888 0.01318854 0.01318925 0.01318511 0.01318569
0.01316605 0.0131854 0.01316829 0.01317701 0.01316099
0.01316243 0.01314397 0.01315765 0.0131832 0.01319851
0.01319196 0.0132077 0.01317845 0.01319887 0.01320206
0.01319051 0.01317108 0.01316215 0.01316378 0.01316706
0.01316754 0.01316075 0.01312863 0.01315049 0.01315032
0.01313448 0.01314295 0.01312814 0.01312981 0.01315905
0.0131463 0.01314614 0.01316365 0.01319325 0.01317161
0.01317705 0.01319551 0.01320502 0.01323318 0.01321631
0.01320718 0.01321212 0.01320754 0.01320751 0.01322673
0.0132372 0.01323571 0.01321985 0.01322461 0.01319954
0.01321007 0.01321385 0.01321612 0.01321495 0.01322629
0.01299403 0.0129875 0.01298644 0.01301265 0.01303152
0.01306616 0.01305319 0.01307104 0.01305398 0.01304502
0.01302004 0.01306092 0.01308058 0.01308999 0.01310038
0.01311678 0.01312919 0.01313196 0.01316265 0.01313209
0.01312803 0.01313717 0.01316336 0.01317335 0.01312439
0.01312155 0.01312238 0.01311996 0.01312959 0.01311738
0.01310287 0.01312365 0.01312556 0.01313979 0.013127
0.01312437 0.01312232 0.0130943 0.01309924 0.01308474
0.01313122 0.01312018 0.01311436 0.01309982 0.01310323
0.01309918 0.01311132 0.01307417 0.01306027 0.013087
0.01307535 0.01308846 0.01309345 0.01309894 0.0130728
0.01310516 0.0131237 0.01314196 0.01315472 0.01318045
0.01322305 0.01321293 0.01318366 0.01316879 0.01317472
0.01316755 0.01316887 0.01318336 0.01316731 0.01316066
0.01310453 0.01310587 0.01309725 0.01309712 0.01313867
0.01315439 0.01316498 0.01315071 0.01314388 0.01312817
0.01316599 0.01314494 0.01315609 0.01314179 0.01312493
0.01313995 0.01314387 0.01315291 0.01311549 0.01309493
0.01311863 0.01312405 0.01311961 0.01310674 0.01310143
0.01311908 0.01313298 0.0131585 0.01315421 0.01315609
0.01312555 0.0130883 0.01310371 0.01311078 0.01311801
0.01310637 0.01313725 0.01315588 0.01314723 0.0131675
0.01315515 0.01314903 0.013145 0.01317378 0.01316802
0.01316691 0.01314924 0.01312071 0.01306725 0.01305611
0.01306122 0.01307245 0.0130739 0.01307383 0.01312297
0.01312995 0.01311504 0.01310775 0.01311692 0.0131034
0.01308843 0.01311165 0.0131459 0.01313771 0.01310842
0.01310923 0.01312194 0.0131587 0.01317445 0.01315286
0.01315879 0.01315488 0.01317247 0.01318046 0.01316111
0.01315228 0.01314785 0.01317891 0.01319605 0.01321483
0.01323328 0.01322533 0.01320906 0.01320972 0.01320477
0.0131979 0.01318833 0.01314742 0.01314017 0.01313175
0.0131005 0.01307623 0.0130862 0.01311788 0.01310517
0.01310581 0.01311823 0.01312618 0.01309221 0.0131377
0.01313949 0.01315271 0.01317016 0.01315596 0.01315214
0.01315822 0.01316336 0.01317594 0.01319365 0.01316368
0.01316439 0.01314717 0.01317653 0.01315408 0.01313978
0.01311986 0.01311609 0.01313665 0.01312297 0.01312768
0.01309835 0.01310183 0.01310835 0.01309357 0.01308792
0.01311595 0.01311757 0.01314349 0.01313472 0.01313349
-0.0221882 -0.02218569 -0.0221795 -0.02220234 -0.02216475
-0.02217013 -0.02216234 -0.02215969 -0.02218329 -0.02216292
-0.02218761 -0.02225203 -0.02225623 -0.02224335 -0.02224541
-0.02225206 -0.02226504 -0.02227222 -0.02226584 -0.02225017
-0.02224588 -0.02223284 -0.02223923 -0.02225411 -0.02223854
-0.02222868 -0.02219025 -0.02220685 -0.02222449 -0.02223951
-0.02222142 -0.02221465 -0.02222846 -0.02222855 -0.0222541
-0.02226458 -0.02227076 -0.02227837 -0.02227334 -0.02231269
-0.02232908 -0.02233126 -0.02231566 -0.0223082 -0.02230556
-0.0222907 -0.02225464 -0.02226409 -0.02227885 -0.02227119
-0.02227642 -0.02225648 -0.02227949 -0.022269 -0.02227377
-0.02228185 -0.02226446 -0.02227335 -0.0222924 -0.02228082
-0.02225253 -0.0222276 -0.02223906 -0.02222275 -0.0222425
-0.02225028 -0.02223838 -0.02225637 -0.02224643 -0.02225261
-0.02221907 -0.02221403 -0.02223057 -0.02223042 -0.02220937
-0.02222165 -0.0221959 -0.02219969 -0.02220701 -0.02220021
-0.0221947 -0.02221904 -0.02221697 -0.02220341 -0.02219656
-0.02220619 -0.02221787 -0.0221988 -0.02217545 -0.02220344
-0.0222015 -0.02220068 -0.02221071 -0.02218473 -0.02215957
-0.02213429 -0.02215907 -0.02218723 -0.0221886 -0.02215366
-0.02216432 -0.02217945 -0.02216528 -0.02221077 -0.02221016
-0.02221571 -0.0222116 -0.02222495 -0.02222686 -0.02223877
-0.02222455 -0.02222821 -0.0221975 -0.0222022 -0.02221618
-0.02221391 -0.02220424 -0.02223148 -0.0222244 -0.02223824
-0.02223013 -0.02225412 -0.02223833 -0.02218351 -0.02220481
-0.02222774 -0.02222551 -0.02219802 -0.02222371 -0.02222766
-0.02223847 -0.0222323 -0.02220755 -0.022178 -0.02220817
-0.02220673 -0.02220392 -0.02219288 -0.02219283 -0.022184
-0.02220296 -0.02220391 -0.02221026 -0.02220651 -0.02220069
-0.02223465 -0.02223374 -0.02223459 -0.02221978 -0.02224021
-0.02224593 -0.02224209 -0.02225249 -0.02227706 -0.02230168
-0.02231302 -0.02230958 -0.02230981 -0.02231282 -0.02229655
-0.02230663 -0.02231411 -0.02232361 -0.02228943 -0.02229332
-0.02226565 -0.02225599 -0.02226079 -0.0222603 -0.02225106
-0.02224888 -0.02225203 -0.02225714 -0.02226435 -0.02227596
-0.02229287 -0.02228662 -0.02225973 -0.02224343 -0.02225131
-0.02223625 -0.02219897 -0.02221208 -0.02223334 -0.02222038
-0.02224128 -0.02224026 -0.02224748 -0.02224282 -0.02225956
-0.02224007 -0.02222825 -0.02223971 -0.02223598 -0.02220651
-0.02222677 -0.02222497 -0.02223937 -0.02223049 -0.02220936
-0.02222213 -0.02221625 -0.02221266 -0.02222685 -0.02224586
-0.02222418 -0.0222627 -0.02223748 -0.02222641 -0.0222102
-0.02221794 -0.02221424 -0.02221681 -0.02223916 -0.02223316
-0.02223099 -0.02222623 -0.02220108 -0.02221187 -0.02217691
-0.0221901 -0.02219289 -0.02221239 -0.02219534 -0.02219503
-0.02221812 -0.02221517 -0.02225158 -0.02227043 -0.02227207
-0.02227794 -0.02227821 -0.02226634 -0.02227831 -0.02228667
-0.02229161 -0.02229758 -0.02230269 -0.02227446 -0.02226703
-0.02227996 -0.02228329 -0.02228267 -0.02225971 -0.0222443
-0.02224373 -0.02224831 -0.02225024 -0.02224364 -0.02223754
-0.02224407 -0.02223175 -0.02220905 -0.02221811 -0.02223847
-0.02221983 -0.02221414 -0.02218104 -0.02218321 -0.02216003
-0.02216404 -0.02213642 -0.02214418 -0.02211831 -0.0221138
-0.02213149 -0.02212298 -0.02212468 -0.02210714 -0.02208359
-0.02209518 -0.02211463 -0.02212444 -0.02211749 -0.02214989
-0.02212524 -0.02214301 -0.02214904 -0.02216112 -0.02216972
-0.02218009 -0.02218591 -0.02218509 -0.022183 -0.02217163
-0.02219634 -0.02217507 -0.02219136 -0.0221882 -0.02219224
-0.02219186 -0.02221935 -0.02223283 -0.02224377 -0.02223182
-0.0222064 -0.0221805 -0.02215534 -0.02218022 -0.02214862
-0.02215509 -0.02214306 -0.02212564 -0.02215703 -0.02215834
-0.02215415 -0.02214427 -0.02209692 -0.02209564 -0.02209662
-0.02209528 -0.0220878 -0.02210746 -0.02212832 -0.02214359
-0.02214076 -0.02214901 -0.02213281 -0.02211514 -0.02214961
-0.02218047 -0.02219605 -0.02220349 -0.02219153 -0.02218874
-0.02221992 -0.02223165 -0.02224078 -0.02224108 -0.02222968
-0.0222298 -0.02224577 -0.02228657 -0.02227676 -0.02228826
-0.02226092 -0.02225286 -0.02224158 -0.02220538 -0.02221932
-0.02220017 -0.0221885 -0.02220461 -0.02224527 -0.02224844
-0.02222615 -0.02223011 -0.02222179 -0.0222059 -0.02219388
-0.02220419 -0.02223685 -0.0222247 -0.02226534 -0.02223317
-0.02224659 -0.02224284 -0.02224476 -0.02226095 -0.02223553
-0.02225019 -0.0222224 -0.0222013 -0.02222414 -0.02225608
-0.02223015 -0.02219428 -0.02219597 -0.02218262 -0.02218523
-0.02217844 -0.02218591 -0.02219675 -0.02218818 -0.02221022
-0.02221422 -0.02220998 -0.02222566 -0.02221466 -0.02224
-0.02223391 -0.02223541 -0.02225929 -0.02224819 -0.02225048
-0.02223299 -0.02226469 -0.02230195 -0.0222866 -0.0222848
-0.0223017 -0.02231936 -0.0223327 -0.02230277 -0.02230692
-0.02228988 -0.02228273 -0.02227795 -0.02227576 -0.022286
-0.02254116 -0.02249721 -0.0224902 -0.02247203 -0.02245727
-0.02239478 -0.02237205 -0.0223826 -0.02236752 -0.02239419
-0.02238337 -0.02234269 -0.02232574 -0.02231344 -0.02228941
-0.02227036 -0.02229258 -0.02228399 -0.0222992 -0.02228633
-0.0222798 -0.02229624 -0.02228098 -0.02227343 -0.02231779
-0.02232607 -0.02232448 -0.02228863 -0.02230282 -0.02234487
-0.02234496 -0.02233293 -0.02233387 -0.02232754 -0.02233794
-0.02233604 -0.02234724 -0.02234354 -0.0223479 -0.02234906
-0.02232642 -0.022328 -0.02231689 -0.02231098 -0.02229162
-0.02230079 -0.02231574 -0.02232515 -0.02229538 -0.02235649
-0.02235204 -0.02235605 -0.02231717 -0.02232772 -0.02234009
-0.02231233 -0.02230048 -0.02235215 -0.02236649 -0.02233742
-0.02236558 -0.02234972 -0.02234079 -0.02234501 -0.02230949
-0.02231016 -0.02229121 -0.02227831 -0.02226101 -0.0222811
-0.02225812 -0.02224096 -0.02225231 -0.02227243 -0.02226835
-0.02224817 -0.02226082 -0.02227022 -0.02226884 -0.02226232
-0.02226108 -0.02227914 -0.02225856 -0.02225011 -0.02222851
-0.02220855 -0.02221617 -0.0222373 -0.02225889 -0.02224591
-0.02224924 -0.02226603 -0.02227431 -0.02226644 -0.02225956
-0.02225049 -0.02225204 -0.02224219 -0.02223141 -0.02225284
-0.02224448 -0.02225347 -0.0222315 -0.02225471 -0.02228576
-0.02229607 -0.02229508 -0.02227814 -0.02228261 -0.02226722
-0.02227961 -0.02228128 -0.02226968 -0.02230106 -0.0223039
-0.02225572 -0.02225865 -0.02224438 -0.02216405 -0.02217486
-0.02214808 -0.02213839 -0.02212943 -0.02216931 -0.02218573
-0.02218642 -0.02221538 -0.02220303 -0.02220778 -0.02222992
-0.02224257 -0.02225063 -0.02226036 -0.02225675 -0.02223309
-0.02222725 -0.02223943 -0.02223725 -0.02225571 -0.02227002
-0.02225813 -0.02223393 -0.02223673 -0.02223208 -0.02224263
-0.02224486 -0.02226118 -0.02227412 -0.02227125 -0.02226606
-0.02224895 -0.02224071 -0.02225479 -0.02223912 -0.02223276
-0.02220356 -0.0222063 -0.02222199 -0.0222122 -0.02221678
-0.02224098 -0.0222095 -0.02220867 -0.02223099 -0.0222585
-0.02225095 -0.02226237 -0.02221709 -0.02224113 -0.022234
-0.02223287 -0.02221387 -0.02220376 -0.02222458 -0.02223288
-0.02220295 -0.02219013 -0.02218876 -0.02218277 -0.02217492
-0.02217182 -0.02217479 -0.02218359 -0.02220098 -0.02222086
-0.02221772 -0.02220301 -0.02224227 -0.0222445 -0.02225711
-0.02226281 -0.02225194 -0.02224852 -0.02225925 -0.02224529
-0.0222295 -0.02223857 -0.02221911 -0.02224387 -0.02225081
-0.02233561 -0.02227785 -0.02226079 -0.02226977 -0.02226808
-0.0222681 -0.02225317 -0.02227192 -0.02224796 -0.02220542
-0.02219085 -0.02219901 -0.02221901 -0.02222849 -0.0222213
-0.02223188 -0.02224435 -0.02224585 -0.02225591 -0.02225498
-0.02225525 -0.02223381 -0.02224754 -0.0222631 -0.02222204
-0.02220212 -0.02216826 -0.02216782 -0.02215529 -0.02216862
-0.02215988 -0.0221682 -0.02217826 -0.0222283 -0.02224262
-0.02225275 -0.02225751 -0.02224438 -0.02226562 -0.02227754
-0.02227619 -0.02230108 -0.02228372 -0.02227362 -0.02228351
-0.02229303 -0.02230001 -0.02227216 -0.02225826 -0.02225956
-0.02227491 -0.02226147 -0.02224673 -0.02223896 -0.02221846
-0.02221663 -0.02220748 -0.02220677 -0.02222292 -0.02225767
-0.02231114 -0.02228696 -0.02226896 -0.02224885 -0.02224124
-0.02224742 -0.02225959 -0.02229167 -0.02227292 -0.02228049
-0.02225718 -0.02228368 -0.02227408 -0.02224949 -0.02227075
-0.02228096 -0.02226772 -0.02228949 -0.02229168 -0.02228576
-0.02229791 -0.02229005 -0.02232054 -0.0223175 -0.02231494
-0.02231495 -0.02233392 -0.02232362 -0.022282 -0.02228803
-0.02226535 -0.02227724 -0.02227475 -0.02225225 -0.02224807
-0.022242 -0.02226733 -0.02228102 -0.02226727 -0.02225656
-0.02224487 -0.0222256 -0.02222657 -0.02223905 -0.0222554
-0.02224466 -0.02225997 -0.02226052 -0.02230928 -0.02230704
-0.02230793 -0.0222941 -0.02229851 -0.02232776 -0.02233992
-0.02231975 -0.02230699 -0.02229187 -0.02225441 -0.02227003
-0.02228179 -0.02229301 -0.02232817 -0.02233729 -0.0223483
-0.02232077 -0.02232417 -0.02232391 -0.02234259 -0.02229452
-0.02226165 -0.02226242 -0.02226916 -0.02225843 -0.02223283
-0.02222703 -0.02222251 -0.02224769 -0.02225029 -0.02219649
-0.02220141 -0.02222022 -0.02223825 -0.0222639 -0.02227697
-0.02226872 -0.0222738 -0.02229134 -0.02230523 -0.02234485
-0.02234544 -0.02235074 -0.02234605 -0.02236394 -0.02235067
-0.0223371 -0.02233001 -0.02228115 -0.0222808 -0.02227396
-0.02226592 -0.02224936 -0.02226119 -0.02229744 -0.02229489
-0.022292 -0.02228914 -0.02229975 -0.02224031 -0.02224551
-0.02226401 -0.02225144 -0.02227603 -0.02227024 -0.02228201
-0.02228905 -0.02227286 -0.02225581 -0.02223103 -0.02221167
-0.02224084 -0.02222913 -0.02225082 -0.02224422 -0.02224013
-0.02224511 -0.02226744 -0.0222845 -0.02227941 -0.02228199
-0.02224469 -0.02224438 -0.02228207 -0.02227546 -0.02224891
-0.02227302 -0.02228011 -0.02229134 -0.0223054 -0.02229826
4.030459 4.03045 4.03057 4.031632 4.031412
4.031532 4.031393 4.031352 4.031855 4.031424
4.03154 4.031846 4.031906 4.03148 4.031314
4.031729 4.032008 4.032267 4.031932 4.032229
4.032084 4.032262 4.032283 4.032275 4.032124
4.032245 4.032277 4.032168 4.032611 4.03271
4.032949 4.032757 4.032767 4.033305 4.033555
4.033579 4.034137 4.034097 4.03419 4.034487
4.03472 4.03463 4.034673 4.034543 4.034663
4.034608 4.034538 4.034905 4.034999 4.034948
4.035034 4.034936 4.034936 4.034735 4.034879
4.035026 4.035024 4.035494 4.035373 4.035462
4.035562 4.035734 4.035405 4.03578 4.035776
4.03596 4.036046 4.035746 4.036015 4.036264
4.035965 4.035448 4.035316 4.035635 4.035312
4.034918 4.034628 4.034715 4.034584 4.034534
4.034372 4.034776 4.034903 4.035163 4.0344
4.034173 4.034373 4.034316 4.034225 4.034503
4.034345 4.034047 4.033598 4.033437 4.033302
4.033299 4.033122 4.033335 4.033732 4.033197
4.033023 4.033179 4.033119 4.033459 4.033559
4.033934 4.033757 4.033919 4.03365 4.033695
4.033633 4.033725 4.033775 4.033758 4.033973
4.033603 4.033745 4.03392 4.033591 4.033321
4.033089 4.033327 4.032875 4.03228 4.032374
4.032712 4.032747 4.032682 4.03284 4.032938
4.032907 4.032976 4.033282 4.032947 4.033043
4.033303 4.033406 4.033499 4.033533 4.033374
4.033609 4.033813 4.033849 4.033677 4.033889
4.034293 4.034333 4.034365 4.033994 4.034269
4.034195 4.034414 4.034772 4.035283 4.035336
4.035448 4.035325 4.035417 4.035164 4.035219
4.035434 4.03555 4.035161 4.035168 4.034946
4.034542 4.034914 4.034912 4.034495 4.034488
4.034435 4.034283 4.034592 4.034979 4.034731
4.034611 4.034515 4.034456 4.034843 4.034878
4.034837 4.034263 4.034077 4.03433 4.034455
4.034925 4.034739 4.035056 4.035306 4.035308
4.034876 4.034467 4.034645 4.034225 4.034009
4.034177 4.034123 4.034598 4.034702 4.034601
4.03278 4.032835 4.032771 4.032789 4.032489
4.032492 4.032797 4.032676 4.03287 4.032546
4.032619 4.032689 4.032806 4.033085 4.032829
4.033133 4.033679 4.033492 4.033347 4.032807
4.032688 4.032425 4.032607 4.032535 4.032664
4.032809 4.032961 4.033392 4.033724 4.033941
4.03444 4.034663 4.035068 4.035337 4.035818
4.036389 4.036551 4.036961 4.036858 4.036701
4.036449 4.036601 4.036337 4.035992 4.035762
4.035547 4.035408 4.035594 4.035657 4.035797
4.035685 4.035444 4.035165 4.035324 4.035352
4.035165 4.034651 4.034232 4.03421 4.033807
4.033793 4.033247 4.033652 4.033846 4.033751
4.033825 4.03347 4.033465 4.033153 4.032857
4.032382 4.032503 4.032635 4.032321 4.032469
4.032471 4.032699 4.03262 4.032693 4.032862
4.032966 4.033077 4.033309 4.032833 4.03291
4.033229 4.033209 4.032994 4.032803 4.03297
4.033045 4.03341 4.033414 4.033513 4.033566
4.033187 4.032638 4.032423 4.032447 4.032265
4.032007 4.032094 4.031566 4.03194 4.032042
4.032248 4.032292 4.031646 4.03145 4.031583
4.031861 4.031543 4.032287 4.032153 4.032316
4.032578 4.032546 4.032648 4.032594 4.032818
4.032999 4.032945 4.032457 4.032097 4.032351
4.032719 4.033173 4.033348 4.033222 4.033592
4.033646 4.033891 4.034341 4.034738 4.035025
4.034945 4.034856 4.03502 4.034663 4.034626
4.034248 4.034105 4.034187 4.03454 4.03447
4.034157 4.03415 4.03413 4.033645 4.033696
4.033548 4.033078 4.032987 4.033298 4.033569
4.033395 4.033193 4.033594 4.033868 4.033669
4.033717 4.033785 4.033729 4.034124 4.034569
4.034289 4.034137 4.034193 4.033932 4.034192
4.034059 4.033661 4.034165 4.033872 4.03411
4.034325 4.03454 4.034478 4.034598 4.035108
4.035127 4.035292 4.035696 4.035916 4.035604
4.035754 4.03565 4.036075 4.035969 4.035913
4.035817 4.036187 4.035764 4.035473 4.035492
4.035461 4.035556 4.035559 4.035655 4.035507
4.04919 4.048233 4.047615 4.046732 4.046055
4.044619 4.044221 4.044326 4.043889 4.043604
4.042795 4.041658 4.041249 4.041175 4.041022
4.039976 4.039663 4.039527 4.039235 4.038979
4.038793 4.038865 4.038712 4.038369 4.038606
4.03866 4.038063 4.037899 4.037668 4.037601
4.036693 4.036948 4.036904 4.036763 4.03656
4.036713 4.036931 4.036913 4.03699 4.037037
4.036988 4.037199 4.036846 4.036532 4.036495
4.036462 4.036365 4.036196 4.036065 4.036869
4.036679 4.03674 4.036287 4.036273 4.036107
4.035839 4.035628 4.036117 4.036689 4.036718
4.037362 4.037316 4.037393 4.037378 4.036712
4.036662 4.036208 4.035971 4.035934 4.036124
4.035866 4.035778 4.035954 4.035772 4.035426
4.035406 4.035438 4.035452 4.035236 4.034872
4.034712 4.034818 4.035239 4.035243 4.035279
4.035079 4.035 4.035012 4.03503 4.034834
4.034846 4.03524 4.035284 4.03534 4.034785
4.034868 4.035223 4.035116 4.034705 4.03521
4.034549 4.034423 4.034353 4.03436 4.034523
4.034732 4.034949 4.034889 4.034774 4.03497
4.035221 4.035232 4.035163 4.035626 4.035257
4.035104 4.035154 4.035311 4.034611 4.034611
4.034211 4.03395 4.033723 4.033746 4.033566
4.033833 4.033884 4.033713 4.033767 4.03406
4.034151 4.034033 4.03401 4.033703 4.033381
4.033682 4.03399 4.033911 4.034416 4.034484
4.034588 4.03431 4.034287 4.034015 4.033935
4.034255 4.034642 4.034648 4.03453 4.034769
4.034638 4.03475 4.035135 4.034537 4.034251
4.033891 4.033544 4.033812 4.033831 4.033695
4.033862 4.033752 4.034162 4.034135 4.034436
4.034521 4.034772 4.034439 4.03421 4.034309
4.034547 4.03446 4.034523 4.034928 4.034764
4.034438 4.034091 4.033715 4.033301 4.033273
4.033337 4.03297 4.033108 4.033141 4.033259
4.033113 4.03295 4.033557 4.033167 4.033498
4.033409 4.033191 4.033187 4.033621 4.03375
4.033419 4.033487 4.033374 4.033404 4.033259
4.039277 4.038641 4.037908 4.037495 4.037119
4.036673 4.036426 4.036294 4.036228 4.035608
4.035763 4.035517 4.035715 4.035671 4.035543
4.0356 4.035462 4.035443 4.034968 4.035371
4.035209 4.035003 4.034987 4.034693 4.034825
4.034369 4.033827 4.03389 4.033492 4.033508
4.033646 4.033656 4.034019 4.034188 4.034691
4.034848 4.035359 4.035432 4.035742 4.03588
4.035886 4.036056 4.035968 4.035972 4.03586
4.036057 4.03601 4.035928 4.035965 4.035983
4.03643 4.036187 4.035951 4.035715 4.035339
4.034711 4.034494 4.034204 4.034309 4.034457
4.03468 4.034168 4.034069 4.034292 4.034224
4.034374 4.034541 4.034967 4.034983 4.035252
4.03547 4.035827 4.035984 4.035846 4.035732
4.035584 4.035005 4.035006 4.035127 4.035512
4.036114 4.035584 4.035849 4.035842 4.036127
4.036303 4.035888 4.035753 4.035674 4.035724
4.035828 4.035674 4.03542 4.035265 4.035298
4.03521 4.035461 4.035124 4.034568 4.034733
4.034887 4.035109 4.035013 4.035145 4.034981
4.035351 4.035322 4.035125 4.035437 4.035404
4.035362 4.035479 4.035414 4.035596 4.035753
4.03581 4.036158 4.035612 4.035789 4.036298
4.036276 4.036561 4.03711 4.037361 4.037393
4.036647 4.036798 4.037079 4.036956 4.036308
4.036055 4.03588 4.035401 4.03542 4.035079
4.034912 4.034938 4.03481 4.034363 4.034028
4.033984 4.034243 4.034717 4.034687 4.034862
4.035055 4.035027 4.035162 4.035528 4.035759
4.035479 4.035426 4.035381 4.03565 4.035461
4.035376 4.035361 4.035258 4.035419 4.035818
4.035719 4.036012 4.036327 4.036148 4.035991
4.036097 4.036175 4.036052 4.035403 4.035142
4.035198 4.034908 4.03506 4.035027 4.035004
4.035106 4.034942 4.03439 4.033967 4.033603
4.0341 4.034362 4.034902 4.034825 4.034975
4.035269 4.035621 4.035722 4.035788 4.035818
4.035924 4.035694 4.035961 4.035924 4.035773
4.035861 4.035857 4.035745 4.03604 4.036136
0.02377593 0.02359382 0.02421117 0.02450208 0.02417399
0.02456994 0.02501288 0.02439059 0.02476308 0.02483539
0.02373816 0.02473931 0.02481794 0.02430177 0.02450439
0.02421687 0.02474742 0.02489145 0.02413231 0.02573236
0.02458765 0.02396788 0.02494081 0.02429658 0.02542861
0.02407997 0.02429807 0.02532534 0.02459091 0.02409074
0.02370362 0.02342657 0.02375238 0.02386121 0.02561326
0.02428351 0.02481544 0.02561689 0.02459016 0.0236065
0.02431692 0.02451992 0.02473568 0.02356172 0.0261326
0.0241114 0.02459435 0.02488991 0.02565142 0.02456993
0.02447922 0.02494035 0.02458525 0.02524589 0.02528938
0.02423374 0.02584971 0.02418632 0.02464184 0.02583811
0.02459397 0.02572662 0.02535452 0.02496295 0.02394483
0.02694507 0.02371287 0.02501839 0.02420885 0.02421615
0.02529612 0.02455183 0.02536563 0.02452971 0.02634906
0.02519976 0.02543454 0.02493309 0.02530467 0.02521933
0.02669226 0.02522891 0.02361021 0.02399964 0.02581633
0.02487962 0.02615902 0.02461683 0.02554773 0.02508025
0.02565403 0.02453098 0.02411739 0.02432077 0.02410932
0.02521191 0.02389789 0.02506173 0.02519622 0.02484275
0.02516273 0.02473975 0.02439491 0.02390866 0.02494239
0.02520242 0.02396916 0.02461861 0.02552849 0.02487651
0.02483299 0.02595667 0.02520758 0.02414397 0.02528987
0.02456397 0.02394469 0.02335842 0.02468213 0.02540864
0.02416178 0.02582985 0.02568699 0.02444924 0.02478068
0.02525596 0.02651244 0.02519086 0.023704 0.02475109
0.02623283 0.02560395 0.02471263 0.02386474 0.02481157
0.02438856 0.02441128 0.02523633 0.02434828 0.02465029
0.02398622 0.02594446 0.02556939 0.02583908 0.02448724
0.02427768 0.02602251 0.0250924 0.02541317 0.02338643
0.0255109 0.02435429 0.02420286 0.02510361 0.02459983
0.02509491 0.02518312 0.02488769 0.02602881 0.02476425
0.02480757 0.02447543 0.02553783 0.02438071 0.02493052
0.0242643 0.02606753 0.02446869 0.02534376 0.02457977
0.02600328 0.02444279 0.02443599 0.0246544 0.02529726
0.02577938 0.02464227 0.02580366 0.02529257 0.02489862
0.02566712 0.02413752 0.02533381 0.02470673 0.02599042
0.02541368 0.02555278 0.02562174 0.02410269 0.02601915
0.02365839 0.02569294 0.02502843 0.02427166 0.02508166
0.02465607 0.02410137 0.02590407 0.02414714 0.02545319
0.02608873 0.02582711 0.02504699 0.02299273 0.02498413
0.02554932 0.02519356 0.02577698 0.02436744 0.02498892
0.02560824 0.02580875 0.02410729 0.02404453 0.02520965
0.02458218 0.02450473 0.02475165 0.02495292 0.02572151
0.02511298 0.02424933 0.02479475 0.0248217 0.02483894
0.02540428 0.02602467 0.02476952 0.02481086 0.02493336
0.02385414 0.02569141 0.02532807 0.02500133 0.02575581
0.02477245 0.02455194 0.02440292 0.02595012 0.02592211
0.02601785 0.02492947 0.02506668 0.02461664 0.02474611
0.02335795 0.02482319 0.02504292 0.02459051 0.02617811
0.02403317 0.02531989 0.02526123 0.024824 0.02563701
0.02453012 0.02561579 0.0245641 0.02494663 0.02509496
0.02582633 0.0237647 0.02424682 0.02513718 0.02569073
0.02457845 0.02456351 0.02455741 0.02471601 0.02320846
0.025986 0.02388535 0.02453511 0.02467206 0.02377606
0.02460249 0.02415656 0.02391712 0.02499656 0.02448884
0.0252548 0.02469782 0.02593644 0.02390466 0.02421676
0.02585527 0.02483833 0.02416799 0.02330183 0.02502618
0.0255656 0.0233345 0.02566586 0.02513292 0.02577172
0.02425647 0.02573444 0.02484713 0.02514483 0.02578676
0.02399547 0.02434209 0.02438116 0.02592322 0.02364536
0.02471759 0.02480219 0.02459272 0.02468843 0.02426044
0.0250036 0.02464268 0.024814 0.02439896 0.02454402
0.02514772 0.0241185 0.02499644 0.02405078 0.02498295
0.02434285 0.02520211 0.0249472 0.02310696 0.02466489
0.02462764 0.02478327 0.02492575 0.02482978 0.02454714
0.02557371 0.02596158 0.02593025 0.02413829 0.02539505
0.02687812 0.02588955 0.02512821 0.02508818 0.02494444
0.0256455 0.02563578 0.02422303 0.02473129 0.02524005
0.02533647 0.02438825 0.02500085 0.02543689 0.02529555
0.02392097 0.02440328 0.02538805 0.02449764 0.02386567
0.02375841 0.0251156 0.02356781 0.02350044 0.02596734
0.02523213 0.02402574 0.02560538 0.02521459 0.02467682
0.02374983 0.02516441 0.02559391 0.02484324 0.02479389
0.02551416 0.0241858 0.02411858 0.02544971 0.02522714
0.02585222 0.02657602 0.02584257 0.02681274 0.02506648
0.02482205 0.02544078 0.02645635 0.02460363 0.02506273
0.02453071 0.02365104 0.02471866 0.02541239 0.02409374
0.02497738 0.02521803 0.02400312 0.02625585 0.02518949
0.02453599 0.02567823 0.02496172 0.0251789 0.02542657
0.02639009 0.02485257 0.02631629 0.02603768 0.02727289
0.02474178 0.02560756 0.0252467 0.02607769 0.02546038
0.02661402 0.02560044 0.02569987 0.02591212 0.02521312
0.02550933 0.02497974 0.02557604 0.02586249 0.02633323
0.0243801 0.02552875 0.02663261 0.02502797 0.02542464
0.02639844 0.02596411 0.02402117 0.02366003 0.02464997
0.02641285 0.02615557 0.02585242 0.02538157 0.0264342
0.02425774 0.02549781 0.02517698 0.02470468 0.02416372
0.02592581 0.02437327 0.02373364 0.024647 0.02615824
0.02475132 0.02543228 0.02523758 0.0249882 0.02478448
0.02571635 0.0243293 0.02447577 0.02540729 0.02495631
0.02543235 0.02584363 0.02552684 0.02423489 0.02515949
0.02547948 0.02462383 0.025028 0.02504373 0.02532854
0.02585966 0.02470553 0.02528459 0.02596755 0.0249926
0.0256981 0.02420093 0.0250221 0.02510343 0.02483568
0.02550978 0.02514466 0.02625911 0.02479087 0.02566955
0.02572759 0.02563044 0.02446245 0.02428136 0.02531545
0.02562399 0.02528519 0.02340741 0.02503518 0.02541532
0.02437377 0.02596997 0.02518228 0.02475829 0.0249746
0.02474486 0.02511247 0.02483764 0.02498985 0.02561198
0.02612947 0.02453432 0.02495382 0.02471579 0.02499911
0.02620772 0.02507279 0.02468391 0.02568587 0.02469499
0.02435526 0.02497783 0.02556305 0.02485025 0.02481657
0.02462039 0.02542574 0.02456745 0.02532612 0.02320265
0.02473066 0.02600996 0.02485639 0.02474393 0.02404357
0.02580662 0.02438703 0.02486136 0.02453579 0.02261909
0.02477102 0.02464216 0.02499316 0.0260281 0.02423246
0.02572071 0.02446161 0.02543898 0.02546122 0.02424956
0.02454441 0.02520023 0.0243966 0.02561629 0.02597567
0.02626734 0.02551182 0.02563676 0.0241992 0.02390638
0.02451043 0.0241224 0.02492971 0.0259747 0.0241839
0.02443229 0.02476676 0.02524497 0.02481671 0.02470981
0.02420965 0.02496328 0.02456132 0.02432767 0.02558079
0.02417391 0.02411007 0.02406064 0.0247304 0.02419966
0.02520916 0.02418377 0.02426466 0.02574254 0.02585977
0.02571499 0.02454869 0.02507077 0.02447673 0.02360612
0.02488525 0.02423291 0.02604711 0.02429681 0.02461742
0.02501982 0.02554686 0.02498941 0.02478038 0.02558361
0.02448262 0.0252988 0.02561588 0.0252247 0.02449652
0.02400385 0.02406508 0.02492126 0.02434628 0.02573628
0.0234005 0.0250909 0.0245408 0.02398086 0.02512677
0.02365489 0.02420388 0.0254582 0.02556082 0.02522471
0.0246061 0.02473376 0.02656422 0.02631695 0.02501137
0.02529527 0.02534754 0.02439042 0.02508812 0.02404976
0.02514217 0.02560717 0.0251228 0.02451642 0.02477208
0.02564532 0.02552741 0.0252097 0.02593986 0.02441606
0.02523063 0.02503398 0.02647267 0.02593559 0.02367098
0.02592055 0.02591138 0.02420543 0.0243612 0.02454119
0.02548244 0.02513404 0.02662842 0.02488269 0.0246644
0.02600096 0.02453446 0.02404035 0.02588461 0.02480652
0.02460448 0.02432226 0.02427866 0.02505466 0.02499812
0.02481613 0.02480319 0.02411433 0.02471568 0.02388727
0.02560333 0.02534259 0.02466691 0.02475828 0.02501362
0.02443254 0.02484588 0.02453873 0.02615602 0.02410532
0.02553601 0.02398151 0.02579047 0.02570583 0.0258543
0.02552321 0.02502242 0.02493428 0.0237071 0.02437501
0.02478082 0.02350442 0.02575805 0.02363963 0.02516729
0.0262569 0.02551018 0.02517742 0.0245874 0.0245298
0.0245035 0.02591285 0.02662849 0.02376702 0.02586869
0.02551222 0.02534871 0.02541074 0.02597997 0.02487516
0.02488357 0.02530206 0.02574944 0.02550361 0.02587288
0.02505545 0.0233284 0.02524346 0.02494289 0.02573481
0.0245226 0.02591573 0.02431118 0.02502497 0.02526378
0.02432075 0.023577 0.02545192 0.02613233 0.0244453
0.02571095 0.0256549 0.02541317 0.02503699 0.02461365
0.02443135 0.02405626 0.02524606 0.02395575 0.02596672
0.02449406 0.02470835 0.02555319 0.02296829 0.02460318
0.02527819 0.02542565 0.02627274 0.02568505 0.02395867
0.02567651 0.02588775 0.02541689 0.02451989 0.0250249
0.02504565 0.02382781 0.02478884 0.02477692 0.02415149
0.02549403 0.02522655 0.02476579 0.02492693 0.02565583
0.02508008 0.02381692 0.02618677 0.02468132 0.02430929
0.0246563 0.0256641 0.02505203 0.02446601 0.02488741
0.02614464 0.02551093 0.02502628 0.0259613 0.02415391
0.02584248 0.02516045 0.02478386 0.02505755 0.02645881
0.02551391 0.02534543 0.02497179 0.02523749 0.02482628
0.02513244 0.02594384 0.02549594 0.02605434 0.02439367
0.02499325 0.02636344 0.02479696 0.02561122 0.02614561
0.02475934 0.02470654 0.02541134 0.02501732 0.02478939
0.0247972 0.02496873 0.02434977 0.02608368 0.02396691
0.5374408 0.5373578 0.5374455 0.5373043 0.5375887
0.5374325 0.5375497 0.5371942 0.5369653 0.5375691
0.5377742 0.5379203 0.5380314 0.5376862 0.5379758
0.5373743 0.5376881 0.5376135 0.5368431 0.5379233
0.5370423 0.5375929 0.537046 0.5380234 0.5369591
0.5374633 0.5371524 0.5376052 0.5374578 0.5375884
0.5373962 0.5375544 0.5376116 0.5374732 0.5377208
0.5374805 0.5368936 0.5375212 0.5381352 0.5372219
0.536839 0.5373132 0.5369637 0.5369857 0.5378862
0.5377114 0.5368618 0.5375886 0.537466 0.5365963
0.5374825 0.5373221 0.5379589 0.5376184 0.5376042
0.5373635 0.5373643 0.5375123 0.5376401 0.537656
0.5374702 0.5371547 0.5374775 0.5380801 0.5371372
0.537965 0.5375668 0.5376834 0.5373188 0.5375212
0.5377561 0.5373336 0.5378458 0.537204 0.5374195
0.537577 0.5374352 0.5378515 0.5375336 0.5371827
0.5371894 0.5382617 0.5381589 0.537995 0.5373218
0.5371859 0.5377163 0.5376414 0.5375738 0.5382653
0.5373626 0.5370855 0.5377896 0.5373426 0.5377178
0.5369032 0.5372989 0.5369836 0.5373934 0.5371934
0.5369998 0.5373976 0.536451 0.5373064 0.5370534
0.5374229 0.5368993 0.5377207 0.5380593 0.5372555
0.5370255 0.5374706 0.5375259 0.5379189 0.5378664
0.5380364 0.5373418 0.5372638 0.537244 0.5380077
0.5370887 0.5371435 0.5370027 0.5376142 0.5377719
0.5375564 0.5376896 0.5375944 0.5375185 0.5376432
0.5376116 0.5372626 0.5371202 0.5376176 0.5380914
0.5369076 0.536983 0.5372914 0.5375902 0.5377486
0.5376554 0.5372842 0.5374687 0.5378799 0.5373327
0.5377125 0.5370856 0.537673 0.5382744 0.537405
0.537786 0.5374275 0.5381064 0.5381109 0.5372446
0.5376683 0.5374374 0.5369701 0.5375277 0.5377594
0.5376983 0.5380606 0.5379069 0.5376507 0.5371328
0.5375512 0.5376646 0.5372158 0.5373407 0.5365182
0.5377996 0.5375191 0.5375357 0.5373869 0.5379628
0.5370868 0.5373104 0.5377541 0.5378717 0.537401
0.5374345 0.5373841 0.5379383 0.5379739 0.5373236
0.5376652 0.5377474 0.5377618 0.5378695 0.536765
0.537764 0.5377169 0.5375937 0.5377335 0.5372637
0.537825 0.5371608 0.5372274 0.5369477 0.5377536
0.5370282 0.537366 0.5367636 0.5370927 0.5377244
0.5371268 0.5365576 0.5375505 0.5376251 0.537401
0.5374216 0.5374983 0.5375634 0.5373151 0.5374503
0.5376249 0.5377339 0.5376456 0.5375664 0.537564
0.5375689 0.536627 0.5372801 0.5377203 0.5380114
0.5370472 0.5366576 0.5376239 0.5374981 0.5376139
0.5373935 0.5371772 0.5375486 0.5374174 0.5370394
0.5367676 0.5373252 0.5378129 0.5372988 0.537793
0.5374435 0.5373426 0.5372991 0.5378245 0.5380953
0.5375407 0.5372641 0.5377064 0.5380277 0.5373042
0.5377373 0.5376938 0.5375716 0.5371588 0.5376073
0.5376871 0.537747 0.5372568 0.5380887 0.5377238
0.5372683 0.5375464 0.5374673 0.5377696 0.5377869
0.5375173 0.5374348 0.5382974 0.5373334 0.5375815
0.5375922 0.5376611 0.5371366 0.5374232 0.5377637
0.5370707 0.537356 0.5377719 0.537156 0.5376069
0.5371298 0.537637 0.5373817 0.5371977 0.5374032
0.537351 0.537765 0.5367826 0.5376153 0.5372724
0.5372624 0.5375359 0.5373627 0.5373026 0.5379311
0.5374467 0.5374387 0.537557 0.5375964 0.5375951
0.5379716 0.5376577 0.5374225 0.5370456 0.5375685
0.5374909 0.537625 0.5370464 0.5369332 0.5373094
0.5377859 0.5369936 0.5378301 0.5371774 0.5369417
0.5375375 0.5373615 0.5379613 0.5374688 0.5374216
0.5371069 0.5374201 0.5373283 0.5378175 0.5371386
0.5372569 0.5372983 0.5373054 0.5376875 0.5373626
0.5369328 0.5377431 0.5369329 0.53743 0.5376765
0.5379342 0.5379764 0.5371398 0.5373556 0.5379432
0.5378839 0.5371223 0.537951 0.5375875 0.5375192
0.5372843 0.5368398 0.5377381 0.5378078 0.537634
0.5371841 0.5373859 0.5370676 0.5368884 0.5373669
0.5375645 0.5377964 0.5377694 0.5373651 0.5382724
0.5383031 0.5377992 0.5380267 0.5370029 0.5380368
0.5378604 0.5370663 0.5374966 0.537787 0.5375202
0.5375732 0.5379411 0.5376475 0.5379682 0.5374205
0.5368869 0.5374602 0.5369925 0.5377241 0.537262
0.5376043 0.5378979 0.5376048 0.5373723 0.5373472
0.5373976 0.5373362 0.5376663 0.5370867 0.5369895
0.5373906 0.5369096 0.5371143 0.5378388 0.5377057
0.5375645 0.5374834 0.5373731 0.537475 0.5375877
0.5371595 0.5374794 0.5375479 0.5380788 0.5376971
0.5373746 0.5374816 0.5376009 0.5377766 0.5380331
0.5377363 0.5377114 0.5368628 0.5379662 0.537196
0.537391 0.5377628 0.5378068 0.5372467 0.5376228
0.5379016 0.5375408 0.5378091 0.5374854 0.5375887
0.5376965 0.5374305 0.5376841 0.5377244 0.5372234
0.537668 0.5370641 0.5371341 0.5379669 0.5371331
0.5372403 0.537553 0.5374528 0.5370541 0.5374815
0.5375345 0.5375914 0.5378866 0.5379932 0.5375154
0.5374597 0.5380241 0.5377167 0.5375405 0.5376436
0.5370234 0.5369974 0.537728 0.537136 0.5375619
0.5374284 0.5371387 0.5372565 0.536966 0.5376429
0.5377243 0.537435 0.5378726 0.5371294 0.53764
0.537946 0.5371874 0.5374682 0.5377267 0.5373322
0.537906 0.5375546 0.5366147 0.536897 0.5372915
0.5373889 0.5378941 0.537338 0.5370167 0.5372944
0.5378205 0.5375646 0.5374296 0.537465 0.5372988
0.5372012 0.5371517 0.5371345 0.5378214 0.5373957
0.5376393 0.5372143 0.5375719 0.5375894 0.5375484
0.5375516 0.5377361 0.5378183 0.5370032 0.5371916
0.5372551 0.5374988 0.5373773 0.5373424 0.5369507
0.5375609 0.5378049 0.5374208 0.5374619 0.5373061
0.5375334 0.5374143 0.5374017 0.5374715 0.5371948
0.5374823 0.5373112 0.5369876 0.5373878 0.5375297
0.5380252 0.536953 0.5365899 0.5372689 0.5376422
0.5373245 0.5372253 0.5372235 0.5371363 0.537313
0.5371524 0.5378303 0.5373732 0.5367531 0.53739
0.5373485 0.5371448 0.5373281 0.5377645 0.537741
0.537122 0.5371663 0.5375955 0.5372173 0.5373382
0.5375518 0.536979 0.5374058 0.5375776 0.5380716
0.5369177 0.5371204 0.5374123 0.5380094 0.5377095
0.5376945 0.5371385 0.5375224 0.5377986 0.5378669
0.5367401 0.5374284 0.5372153 0.5378498 0.5383261
0.5375456 0.5375022 0.5376143 0.5379359 0.537142
0.5376198 0.5374626 0.5374829 0.537373 0.537688
0.5373549 0.5376073 0.5377512 0.5378379 0.5372412
0.5375949 0.5368947 0.5377546 0.5373286 0.5369984
0.5373581 0.5373636 0.5368957 0.5375885 0.5375111
0.5371898 0.5372184 0.5376835 0.537827 0.5373924
0.5369412 0.5377965 0.5375999 0.5373649 0.5373783
0.5373174 0.5378233 0.537603 0.5382781 0.537785
0.5377006 0.5369682 0.5375661 0.5376474 0.5375425
0.5374319 0.5371908 0.5373434 0.5372265 0.5380457
0.5375287 0.5375138 0.5375819 0.5376747 0.5372822
0.5376869 0.5368869 0.5374664 0.5378041 0.5374534
0.5369422 0.5377154 0.537522 0.537456 0.5380284
0.5376279 0.5372494 0.5372851 0.5368621 0.5375977
0.5369651 0.5370877 0.5374918 0.5373581 0.5377278
0.5379154 0.537253 0.537334 0.5370737 0.5377348
0.5374898 0.5371641 0.5375731 0.5373606 0.5375627
0.5371828 0.5373686 0.5377281 0.5377092 0.5376188
0.53762 0.5379393 0.5374878 0.5371031 0.5371297
0.5371223 0.5370349 0.5374585 0.5376204 0.537131
0.5372256 0.5375687 0.537508 0.5379197 0.5370812
0.5369686 0.5377774 0.5370605 0.5376235 0.5373579
0.5370393 0.536894 0.5378109 0.5376832 0.5369731
0.5377657 0.5370733 0.5378706 0.537113 0.5372124
0.5371436 0.5372263 0.5378414 0.5369824 0.5380798
0.5370197 0.5371413 0.5374696 0.5376202 0.5375275
0.537513 0.537561 0.5373481 0.5374291 0.5374585
0.5371151 0.5372969 0.5374386 0.537209 0.5374861
0.5377364 0.5377933 0.5374734 0.5368598 0.5379897
0.5369256 0.5373962 0.5372112 0.5378509 0.5374583
0.5374373 0.537109 0.5375442 0.5376485 0.5373615
0.5376187 0.5377412 0.5376109 0.5372604 0.5371911
0.5372649 0.5369887 0.5377907 0.5376245 0.5374938
0.5377987 0.537422 0.5375752 0.5378215 0.5371378
0.5374695 0.5372455 0.5375872 0.5379093 0.5375627
0.5369044 0.537509 0.5371484 0.5373012 0.5369364
0.5375722 0.5377243 0.5374107 0.5372043 0.5373636
0.5375986 0.5374814 0.5379493 0.5373641 0.5374153
0.5372142 0.5378462 0.53738 0.5375135 0.537672
0.5371305 0.5371849 0.5367547 0.5371444 0.5377329
0.5372335 0.538009 0.5377652 0.537485 0.5371582
0.537332 0.5375651 0.5380434 0.5375035 0.5372544
0.5375562 0.537502 0.5377792 0.537179 0.5373902
0.5373762 0.5374312 0.5373476 0.5376424 0.5374257
0.5368183 0.5371959 0.5366942 0.5366694 0.5373056
0.5377035 0.5377955 0.5381305 0.5372714 0.5376218
0.5381588 0.5375587 0.5374167 0.5380407 0.5378434
-1.017125 -1.016438 -1.016953 -1.017113 -1.017606
-1.01642 -1.01667 -1.017346 -1.016588 -1.017377
-1.017126 -1.016884 -1.0174 -1.016798 -1.017682
-1.017482 -1.017227 -1.017098 -1.016919 -1.016861
-1.016207 -1.016671 -1.016692 -1.01703 -1.016538
-1.016856 -1.016583 -1.017003 -1.016603 -1.017093
-1.016854 -1.016319 -1.016742 -1.016779 -1.016826
-1.016847 -1.016365 -1.016861 -1.017074 -1.017332
-1.01708 -1.01656 -1.016349 -1.016644 -1.016982
-1.017035 -1.016185 -1.016387 -1.017477 -1.016052
-1.016982 -1.017223 -1.017001 -1.017364 -1.016905
-1.016557 -1.016737 -1.017005 -1.016515 -1.017186
-1.017068 -1.016861 -1.016563 -1.017382 -1.01673
-1.017061 -1.016761 -1.016941 -1.016365 -1.017463
-1.017236 -1.017255 -1.017194 -1.016327 -1.016934
-1.01696 -1.017046 -1.016787 -1.016859 -1.01687
-1.016906 -1.01719 -1.017305 -1.017577 -1.017126
-1.016876 -1.017443 -1.017048 -1.017773 -1.017614
-1.016853 -1.016682 -1.017484 -1.016343 -1.017077
-1.016182 -1.016782 -1.016823 -1.016496 -1.017386
-1.016434 -1.017178 -1.016488 -1.017142 -1.01635
-1.017187 -1.016727 -1.016885 -1.016719 -1.016323
-1.016894 -1.017078 -1.01651 -1.016799 -1.017274
-1.016909 -1.017198 -1.017049 -1.01677 -1.017192
-1.016347 -1.016676 -1.01691 -1.017261 -1.016971
-1.016538 -1.016459 -1.017236 -1.016883 -1.01699
-1.017168 -1.016867 -1.016683 -1.017205 -1.017309
-1.016404 -1.016467 -1.016773 -1.016784 -1.017184
-1.016834 -1.01669 -1.016509 -1.017161 -1.016804
-1.017171 -1.016382 -1.016915 -1.017507 -1.01721
-1.017071 -1.016898 -1.017013 -1.017633 -1.016672
-1.017188 -1.016817 -1.015753 -1.017266 -1.017176
-1.017165 -1.017455 -1.016858 -1.016836 -1.017438
-1.017096 -1.017244 -1.017148 -1.017318 -1.016033
-1.017392 -1.016688 -1.017067 -1.016759 -1.017334
-1.017002 -1.017149 -1.016928 -1.016802 -1.016871
-1.016818 -1.016279 -1.017283 -1.017064 -1.01657
-1.017521 -1.017112 -1.0164 -1.017213 -1.016567
-1.01708 -1.016948 -1.017449 -1.017255 -1.016735
-1.017355 -1.01689 -1.01665 -1.016121 -1.016705
-1.016409 -1.01664 -1.017135 -1.01601 -1.017274
-1.016691 -1.016439 -1.01682 -1.01674 -1.016655
-1.017352 -1.016918 -1.016995 -1.016692 -1.01632
-1.017429 -1.017268 -1.017171 -1.017363 -1.016881
-1.016933 -1.016222 -1.016185 -1.016977 -1.017199
-1.016922 -1.016746 -1.017382 -1.016705 -1.016628
-1.017058 -1.016629 -1.016359 -1.017025 -1.016562
-1.016719 -1.017086 -1.017225 -1.016638 -1.017979
-1.016826 -1.017092 -1.016296 -1.016975 -1.01721
-1.01649 -1.016776 -1.01692 -1.017553 -1.016823
-1.017227 -1.017696 -1.017224 -1.016569 -1.017233
-1.016888 -1.017036 -1.01656 -1.016571 -1.016678
-1.01666 -1.01666 -1.016738 -1.017353 -1.01787
-1.016855 -1.016638 -1.01758 -1.016523 -1.016265
-1.016924 -1.016497 -1.01625 -1.017048 -1.016828
-1.016837 -1.016594 -1.017073 -1.017049 -1.016953
-1.01601 -1.016457 -1.016802 -1.016533 -1.016767
-1.016868 -1.017165 -1.016649 -1.016598 -1.016666
-1.017121 -1.017101 -1.016576 -1.017528 -1.017491
-1.016713 -1.01635 -1.016671 -1.016786 -1.017237
-1.017168 -1.016693 -1.01644 -1.016477 -1.017119
-1.016694 -1.017463 -1.015949 -1.016549 -1.016139
-1.017312 -1.016964 -1.017618 -1.016613 -1.016197
-1.017044 -1.016597 -1.017715 -1.016915 -1.017097
-1.016626 -1.016333 -1.016734 -1.016917 -1.016204
-1.016425 -1.017055 -1.016663 -1.016975 -1.016474
-1.016769 -1.017703 -1.016634 -1.016818 -1.017581
-1.017228 -1.017986 -1.016729 -1.016923 -1.017514
-1.017222 -1.016349 -1.017009 -1.017091 -1.016695
-1.016842 -1.016328 -1.017321 -1.017263 -1.017545
-1.016613 -1.016597 -1.016558 -1.016804 -1.01672
-1.016437 -1.016884 -1.01738 -1.017063 -1.017225
-1.017234 -1.016671 -1.017494 -1.01686 -1.017399
-1.016784 -1.016697 -1.016332 -1.016455 -1.016647
-1.01669 -1.016643 -1.015771 -1.017778 -1.017268
-1.016616 -1.017034 -1.016569 -1.016619 -1.017485
-1.016332 -1.0173 -1.016725 -1.017009 -1.016818
-1.017036 -1.016632 -1.017168 -1.016706 -1.01693
-1.016874 -1.016776 -1.015854 -1.016926 -1.016774
-1.016568 -1.016879 -1.01711 -1.017232 -1.016673
-1.016443 -1.016734 -1.017647 -1.017383 -1.017291
-1.01675 -1.017479 -1.017442 -1.017262 -1.017567
-1.018061 -1.017126 -1.017006 -1.017281 -1.016357
-1.017729 -1.017328 -1.016594 -1.017072 -1.017262
-1.017107 -1.016481 -1.017708 -1.01699 -1.017006
-1.016857 -1.016537 -1.017027 -1.016858 -1.016837
-1.017349 -1.016616 -1.016486 -1.017139 -1.016632
-1.017639 -1.016471 -1.016342 -1.016604 -1.016836
-1.016759 -1.017205 -1.016858 -1.017291 -1.016606
-1.017057 -1.016941 -1.016734 -1.016799 -1.017428
-1.016665 -1.016759 -1.016355 -1.016859 -1.017134
-1.017128 -1.017206 -1.017074 -1.01644 -1.016943
-1.017452 -1.016765 -1.017045 -1.017055 -1.017328
-1.017123 -1.016854 -1.016307 -1.017258 -1.016805
-1.016954 -1.017326 -1.016047 -1.016372 -1.016607
-1.01659 -1.017138 -1.01664 -1.016655 -1.016913
-1.017276 -1.016703 -1.016432 -1.017103 -1.016808
-1.017136 -1.016867 -1.016895 -1.017026 -1.016867
-1.017287 -1.016347 -1.017531 -1.016794 -1.017437
-1.017247 -1.017112 -1.01758 -1.016678 -1.017134
-1.015888 -1.016477 -1.017317 -1.01688 -1.016099
-1.017188 -1.01729 -1.016892 -1.016658 -1.016632
-1.017243 -1.01698 -1.016379 -1.016425 -1.016501
-1.016932 -1.016641 -1.016588 -1.01713 -1.017092
-1.017288 -1.016689 -1.016256 -1.01708 -1.017127
-1.017105 -1.016088 -1.016395 -1.016953 -1.016901
-1.017203 -1.017041 -1.017119 -1.016391 -1.016329
-1.017194 -1.016245 -1.016825 -1.016275 -1.017206
-1.016756 -1.016601 -1.017706 -1.016625 -1.016743
-1.016916 -1.016563 -1.016168 -1.016798 -1.017527
-1.016413 -1.016606 -1.01624 -1.017025 -1.017318
-1.016874 -1.016905 -1.01725 -1.017025 -1.016784
-1.016494 -1.017118 -1.016667 -1.017191 -1.017863
-1.016975 -1.01722 -1.016646 -1.017108 -1.016264
-1.01702 -1.017504 -1.016614 -1.017209 -1.017004
-1.01625 -1.016799 -1.01732 -1.016794 -1.016815
-1.016895 -1.016545 -1.017072 -1.017308 -1.016607
-1.017009 -1.016579 -1.016496 -1.016536 -1.016601
-1.016828 -1.016351 -1.016832 -1.016785 -1.016904
-1.016659 -1.016951 -1.017054 -1.016799 -1.01675
-1.016903 -1.017128 -1.016907 -1.01721 -1.01739
-1.016587 -1.016242 -1.017537 -1.016687 -1.017073
-1.01687 -1.016366 -1.016927 -1.016895 -1.0171
-1.016681 -1.016866 -1.01685 -1.017329 -1.016852
-1.017289 -1.01651 -1.016936 -1.016912 -1.017471
-1.016341 -1.016594 -1.016452 -1.016533 -1.016945
-1.017153 -1.017092 -1.016532 -1.01614 -1.017039
-1.016351 -1.016606 -1.016736 -1.016907 -1.01701
-1.017566 -1.017333 -1.016323 -1.016809 -1.017213
-1.016701 -1.016206 -1.016687 -1.016661 -1.016868
-1.016539 -1.017208 -1.016663 -1.017123 -1.016828
-1.017075 -1.017017 -1.01712 -1.016581 -1.016731
-1.016313 -1.0166 -1.016249 -1.01686 -1.016639
-1.016975 -1.01705 -1.016981 -1.017198 -1.016717
-1.016368 -1.017017 -1.016435 -1.017071 -1.017325
-1.016206 -1.017109 -1.017225 -1.016998 -1.016872
-1.016978 -1.016898 -1.017704 -1.016484 -1.016884
-1.017413 -1.016755 -1.016885 -1.016595 -1.017062
-1.016855 -1.01718 -1.016303 -1.016637 -1.0172
-1.017372 -1.01696 -1.016813 -1.016738 -1.016866
-1.016954 -1.01703 -1.016468 -1.017299 -1.018296
-1.017126 -1.017048 -1.017222 -1.016249 -1.017015
-1.016552 -1.017223 -1.016901 -1.017259 -1.017344
-1.016624 -1.017167 -1.016658 -1.017983 -1.016995
-1.016654 -1.017385 -1.017151 -1.016497 -1.017126
-1.016966 -1.016143 -1.017692 -1.017049 -1.01658
-1.01726 -1.016673 -1.016934 -1.017258 -1.01677
-1.016763 -1.01651 -1.017305 -1.017535 -1.017018
-1.016408 -1.016734 -1.016906 -1.017015 -1.016416
-1.016866 -1.017073 -1.017335 -1.016944 -1.017074
-1.016745 -1.017169 -1.017195 -1.016813 -1.016841
-1.017287 -1.017518 -1.016317 -1.016837 -1.016832
-1.016311 -1.017139 -1.016565 -1.01679 -1.01706
-1.016849 -1.017294 -1.017568 -1.016611 -1.016988
-1.016818 -1.016581 -1.017391 -1.016457 -1.016637
-1.017031 -1.017263 -1.017053 -1.016903 -1.01649
-1.016917 -1.016367 -1.017378 -1.017114 -1.016845
-1.01645 -1.016708 -1.016724 -1.016613 -1.017726
-1.017084 -1.017279 -1.017259 -1.017168 -1.016909
-1.017053 -1.017416 -1.016991 -1.017096 -1.016995
0.7217029 0.7209987 0.7207478 0.722552 0.7201149
0.719604 0.7227918 0.7211421 0.7208076 0.7208825
0.7222243 0.7209677 0.7213419 0.7218003 0.7218443
0.7231007 0.7208376 0.7219271 0.7204231 0.7205057
0.7212827 0.7222382 0.7202176 0.721278 0.7199623
0.7201731 0.7230638 0.7216501 0.7209146 0.7219619
0.7229316 0.7210985 0.7238862 0.7226258 0.7228052
0.7235361 0.7210775 0.7220461 0.7216752 0.7210896
0.7230323 0.7209103 0.722172 0.723994 0.7196316
0.721559 0.7208434 0.7223248 0.7226177 0.7207977
0.721779 0.7208833 0.7192467 0.7202169 0.7204724
0.7206349 0.7210961 0.7211925 0.7221997 0.7219139
0.7226162 0.7223327 0.7223131 0.72134 0.7236858
0.7211405 0.7198327 0.72019 0.7208256 0.7222608
0.7188328 0.7234424 0.722305 0.7211639 0.7226081
0.7195632 0.7217131 0.7199888 0.7213345 0.7210479
0.7220453 0.7187397 0.7221246 0.7233835 0.7212619
0.7220102 0.7208007 0.7207158 0.7201824 0.72018
0.720727 0.7215871 0.7221089 0.7207638 0.7209796
0.7200585 0.7220647 0.7201526 0.720985 0.7197252
0.7213069 0.7213518 0.7227325 0.7238774 0.7220597
0.7202789 0.7202773 0.7208666 0.7226439 0.7211239
0.7207331 0.7198957 0.7213676 0.721259 0.7219839
0.7216118 0.7217063 0.722018 0.7218003 0.7202599
0.7225215 0.7234631 0.7234674 0.7208598 0.7211634
0.7207753 0.7207706 0.7213933 0.7222718 0.7217867
0.7198855 0.7217784 0.721045 0.7233555 0.7225645
0.7219339 0.7232518 0.7211559 0.7196035 0.7214369
0.7233575 0.7209662 0.7228901 0.7224549 0.7210433
0.7211887 0.7222398 0.7185397 0.7227099 0.7231653
0.7214068 0.7241036 0.7219613 0.720815 0.7212417
0.7213177 0.7217234 0.7232825 0.7213341 0.7199114
0.7232215 0.7205156 0.7222721 0.7224041 0.7198333
0.7207152 0.720172 0.7208883 0.7219319 0.7210617
0.7207028 0.7211026 0.7212233 0.7218486 0.7210921
0.7218263 0.7251114 0.7231488 0.7218156 0.7207992
0.7211783 0.7225667 0.720927 0.7222873 0.7236815
0.7222336 0.7207538 0.7227704 0.7232064 0.7229723
0.722593 0.7215832 0.7195408 0.7230838 0.7216314
0.7205831 0.7219976 0.7216826 0.7227571 0.7181222
0.7227341 0.7214607 0.7217977 0.7212707 0.7219589
0.7229238 0.722795 0.7220711 0.722323 0.7235465
0.7217892 0.7213995 0.7196847 0.7204832 0.7194295
0.7232358 0.7202642 0.7234897 0.7213565 0.7213168
0.7231766 0.7227901 0.7228296 0.7196938 0.7204913
0.7215988 0.7226731 0.7213204 0.7229271 0.7202844
0.7217625 0.7212585 0.7216652 0.7197865 0.7213822
0.7222732 0.7229364 0.7208197 0.7206406 0.7195606
0.7227678 0.7211641 0.7222441 0.7231527 0.7219098
0.7223233 0.7217844 0.7220421 0.721623 0.7193448
0.7209242 0.720448 0.7202053 0.7224064 0.7228874
0.7222329 0.7202891 0.7224448 0.7212428 0.7200961
0.7213208 0.7233978 0.7211548 0.7192092 0.7212659
0.7219226 0.7222328 0.721172 0.7215297 0.722432
0.7211529 0.7221354 0.7202723 0.7217951 0.7210599
0.7214418 0.7208538 0.7220919 0.7239549 0.7237828
0.7214134 0.7229009 0.7202402 0.7190276 0.7210953
0.7218026 0.7215586 0.7222396 0.7231175 0.7205898
0.7233219 0.7228276 0.7191196 0.7188923 0.7233418
0.7226239 0.7217192 0.7208144 0.7186841 0.7208767
0.7215852 0.7205972 0.7225012 0.7218705 0.722459
0.7206017 0.7237419 0.7201478 0.7213845 0.720332
0.719776 0.7214182 0.7217798 0.7235436 0.7215206
0.7214216 0.7218114 0.7213162 0.7215029 0.7220494
0.7216514 0.7221585 0.7218664 0.7219258 0.7212878
0.7213603 0.7202355 0.720334 0.7220069 0.72226
0.7221715 0.7204691 0.7223154 0.7205372 0.7228396
0.7211539 0.7187934 0.7207918 0.720303 0.7213002
0.7203225 0.7208073 0.7217483 0.7206141 0.7201602
0.7213463 0.7211192 0.7223581 0.721873 0.720513
0.7211945 0.7206655 0.7227989 0.7211427 0.7215531
0.7225109 0.7196212 0.7228645 0.724029 0.7244054
0.7221613 0.7207724 0.7200865 0.7229248 0.7225254
0.7218782 0.7210146 0.7194034 0.720901 0.7218939
0.7205347 0.7222687 0.7228751 0.7230867 0.7213647
0.7206955 0.7204199 0.7226128 0.7206024 0.7207718
0.7239725 0.7228436 0.7219774 0.7214612 0.7224047
0.7233233 0.7225319 0.7213729 0.7220929 0.7234095
0.7215136 0.7204304 0.7226752 0.7201555 0.7220782
0.7235369 0.718996 0.7231146 0.72136 0.7216095
0.7220373 0.7229819 0.7222358 0.7206378 0.7217899
0.7225658 0.7214062 0.7223922 0.7230733 0.7204972
0.7201151 0.7210666 0.7227543 0.7205332 0.7214808
0.7219231 0.7208958 0.7205448 0.7200985 0.7225995
0.7223195 0.7229342 0.7222022 0.7191873 0.7223185
0.7217829 0.7207118 0.7228697 0.7217635 0.7215263
0.7225634 0.7215734 0.7224183 0.7224828 0.7231501
0.7223061 0.7217431 0.7224794 0.7210464 0.7238493
0.7220589 0.7215993 0.7204719 0.7200201 0.7216512
0.7193008 0.7203206 0.7214473 0.7198592 0.7199881
0.7203945 0.7216638 0.7205521 0.7197664 0.7220826
0.7236842 0.7226122 0.7214872 0.7228762 0.7223003
0.7208857 0.7226249 0.7231074 0.7209999 0.7203191
0.7237835 0.7220817 0.7207979 0.7219544 0.7213034
0.72263 0.7228429 0.7201928 0.7232081 0.7229845
0.7202202 0.7214505 0.7207984 0.7204368 0.7224737
0.7221934 0.7238352 0.7234457 0.7197531 0.7194605
0.7208448 0.7230964 0.7229463 0.7220679 0.7203884
0.7222049 0.7206454 0.7224301 0.723348 0.7225126
0.7212644 0.7202291 0.7233587 0.723074 0.7222231
0.7220321 0.7249224 0.7196454 0.7200858 0.7230189
0.718196 0.7234215 0.7218687 0.720912 0.7203734
0.7206418 0.7223504 0.7195946 0.7205095 0.7200316
0.7189407 0.721763 0.721748 0.7226504 0.7216692
0.7220424 0.7227382 0.719661 0.7228524 0.7205992
0.720115 0.7208344 0.7199944 0.7203823 0.7219221
0.7220677 0.7222913 0.7213174 0.7204672 0.7231577
0.7195972 0.7222934 0.7210317 0.7204506 0.7215589
0.7211327 0.7228939 0.7212416 0.7211817 0.721895
0.7220666 0.7215075 0.7212811 0.7226582 0.7206846
0.7214027 0.7212501 0.7203583 0.7217153 0.7231348
0.7182326 0.7210973 0.720921 0.719065 0.7211642
0.7206316 0.7210068 0.7216222 0.7197379 0.7192449
0.7219014 0.7207826 0.72145 0.7219564 0.7221952
0.7217921 0.7205603 0.72292 0.7212179 0.7209706
0.7215449 0.7230406 0.7206746 0.7207191 0.7215729
0.7215165 0.7208302 0.7215437 0.7196939 0.7225759
0.7223115 0.7209788 0.7225607 0.7222721 0.7202201
0.722208 0.7222871 0.7200429 0.7225766 0.7187525
0.7231805 0.7245415 0.7236896 0.7232307 0.7209457
0.7228094 0.7215234 0.7219088 0.7205344 0.7212876
0.7214116 0.7216095 0.7208968 0.7226743 0.7214037
0.7199643 0.721706 0.7211143 0.7228891 0.7224993
0.7212497 0.7204349 0.7209986 0.7200002 0.7216762
0.7219206 0.7219073 0.7211022 0.7197915 0.7211561
0.7233616 0.7210621 0.7215238 0.7194616 0.7227613
0.7230366 0.7228452 0.7222354 0.7220509 0.7208289
0.7219082 0.7219984 0.7221803 0.7233514 0.7240582
0.7224461 0.7223742 0.720891 0.7226911 0.7236071
0.7219205 0.7219269 0.7221891 0.7220817 0.7207661
0.7206984 0.7235491 0.7203059 0.7211477 0.721392
0.7225417 0.7203619 0.7217137 0.7231054 0.7226878
0.7213698 0.7219602 0.7219947 0.7217324 0.7200803
0.7215413 0.7206139 0.7215446 0.7216754 0.7213574
0.7207048 0.7223246 0.7215547 0.7211254 0.7228109
0.7210324 0.7221297 0.723167 0.7227691 0.7223555
0.7207964 0.7204745 0.7222728 0.723667 0.7203365
0.7205857 0.7239854 0.7209726 0.7217707 0.7207322
0.7214501 0.7210938 0.7224344 0.7209886 0.7215343
0.7218194 0.7204963 0.72191 0.7232462 0.7222497
0.7205777 0.7215313 0.7218706 0.7233605 0.7206173
0.7216045 0.7204016 0.72225 0.720639 0.7198341
0.7228427 0.7210607 0.7217841 0.722479 0.7210051
0.7209222 0.7214662 0.7201504 0.7205016 0.7199293
0.7207059 0.7219305 0.7224891 0.7199829 0.7203283
0.719528 0.7233133 0.7195232 0.7236797 0.720609
0.7218005 0.7217997 0.719598 0.7243762 0.7224861
0.7217637 0.7216322 0.7200019 0.7200583 0.7217407
0.7213798 0.7209998 0.7201967 0.7226683 0.7209102
0.7230418 0.721951 0.7225102 0.7214815 0.7228165
0.7220091 0.719569 0.7211299 0.7230283 0.7210678
0.7226338 0.7188227 0.7213883 0.7223938 0.7215105
0.722441 0.7220602 0.7207945 0.7223139 0.7263438
0.7228451 0.7213949 0.7225038 0.7227363 0.7206987
0.7207347 0.7206178 0.7219447 0.7226005 0.7213313
0.72062 0.7239476 0.7224451 0.7208551 0.7200753
0.7208233 0.7196516 0.7217793 0.7219157 0.7207494
0.7216692 0.7204 0.7226827 0.7226209 0.7238064
0.7223702 0.7202563 0.7213515 0.7221127 0.7208583
0.7229199 0.7227703 0.7217411 0.7197785 0.7206307
