0.6389961 0.6389552 0.6390203 0.6390088 0.6390033
0.6390104 0.6389778 0.6389963 0.6389387 0.6390062
0.6390112 0.6389629 0.6389339 0.6389821 0.639005
0.638987 0.639008 0.6390183 0.6390029 0.6389893
0.6390133 0.6389953 0.639 0.638995 0.6389989
0.639015 0.6389991 0.6389873 0.6389881 0.638965
0.6390007 0.6390352 0.6390094 0.6389942 0.6389683
0.6389759 0.6390466 0.6390229 0.6390182 0.6390041
0.6390072 0.6390051 0.6390272 0.6389681 0.6389995
0.6390128 0.6390082 0.6390046 0.6390244 0.6390196
0.6390112 0.6389712 0.6389559 0.6389541 0.6389478
0.6389483 0.6389497 0.6389564 0.6389732 0.6390318
0.6389855 0.639002 0.6390188 0.6389908 0.6390317
0.6390293 0.639045 0.639007 0.6389735 0.6390179
0.6390306 0.6389639 0.6389552 0.6389752 0.6389695
0.6389809 0.6390096 0.6389905 0.638982 0.6389752
0.6389792 0.6390197 0.6390007 0.6390108 0.638989
0.6389884 0.6389977 0.6390259 0.6390319 0.6389721
0.6389756 0.6389867 0.639017 0.6390412 0.6390313
0.6390106 0.6390023 0.6389747 0.638961 0.6389832
0.6390053 0.6390328 0.6390253 0.6390397 0.6390296
0.6390358 0.6390161 0.6390152 0.6390166 0.6390041
0.6389801 0.6390061 0.6389862 0.6389753 0.6389949
0.6389706 0.6389539 0.6389531 0.6389415 0.6389767
0.6390198 0.6390181 0.6390108 0.6389877 0.6389808
0.6389976 0.6390079 0.6390101 0.6390298 0.6390088
0.6389949 0.6389577 0.6389792 0.6389792 0.6389858
0.6390097 0.6390021 0.6390104 0.6389929 0.6389978
0.6390325 0.6390263 0.6389935 0.6389856 0.6389719
0.6389709 0.6389467 0.6389887 0.6389948 0.6389927
0.6390144 0.6390189 0.6390107 0.6390176 0.6390046
0.6390208 0.6390528 0.638996 0.6390195 0.6390078
0.6389785 0.6389798 0.6389987 0.6390018 0.6389948
0.6389668 0.6389652 0.6389855 0.6389873 0.6389826
0.6389326 0.6389467 0.6389665 0.6389991 0.6390287
0.6389897 0.6390259 0.638984 0.638996 0.6389668
0.6389577 0.6389664 0.6389783 0.639004 0.6389807
0.6389789 0.6389823 0.6389794 0.638982 0.6390022
0.6389863 0.6389756 0.6389817 0.6389698 0.6389422
0.6389868 0.638979 0.6389943 0.6389964 0.6390011
0.6389993 0.6390199 0.6389781 0.6389863 0.6389945
0.6390147 0.6390308 0.6389788 0.6389777 0.6389995
0.6389867 0.6389963 0.6389791 0.6389558 0.6389992
0.6390076 0.6390231 0.6390466 0.6390424 0.6389579
0.6389597 0.6389915 0.6390255 0.6389983 0.6389909
0.6389914 0.6389799 0.6389719 0.6389638 0.6389518
0.6389924 0.6389606 0.6389322 0.6389526 0.6389817
0.638962 0.6389723 0.6389477 0.6389879 0.6389801
0.6389689 0.6390247 0.6389991 0.6390187 0.6390146
0.6390066 0.638962 0.6389837 0.6390037 0.6390109
0.6390374 0.6390339 0.6389736 0.6389796 0.6389614
0.6390063 0.639027 0.6390135 0.6390064 0.6389882
0.6390239 0.6390219 0.6390077 0.6390155 0.6389856
0.6389756 0.6389512 0.6389456 0.638977 0.638988
0.6389775 0.6389954 0.6389702 0.6389598 0.6389759
0.6389668 0.638977 0.6390263 0.639037 0.6389949
0.6390057 0.6390134 0.638948 0.6389443 0.6389701
0.6389829 0.6389748 0.6389622 0.6389333 0.6389428
0.6389519 0.6389825 0.6389921 0.6389895 0.638993
0.638987 0.6389526 0.6389993 0.6390018 0.6389943
0.6390057 0.6390059 0.6390206 0.6390225 0.6390337
0.6390292 0.6390025 0.6389754 0.639016 0.6390243
0.6390209 0.6389895 0.6389856 0.6389698 0.6389532
0.6389519 0.6389766 0.6390067 0.6389864 0.638964
0.6389341 0.6389212 0.6389624 0.6389569 0.6389776
0.6390138 0.6390079 0.6389911 0.6389988 0.6389603
0.6389492 0.6389416 0.6389338 0.6389717 0.6389938
0.6389758 0.6390272 0.6390015 0.6390623 0.6390109
0.6389944 0.6389717 0.6389783 0.6389533 0.6389758
0.638965 0.6389942 0.6389727 0.6389957 0.6390053
0.6390197 0.6389773 0.6389975 0.6389637 0.638954
0.6389805 0.6389757 0.6389641 0.6389612 0.6389945
0.6389554 0.6389921 0.6389936 0.6389998 0.6389897
0.6389965 0.6389654 0.6389666 0.6389549 0.6389689
0.6389855 0.6389752 0.6389848 0.6389701 0.638995
0.6389717 0.6389869 0.6389827 0.6389889 0.6389972
0.638969 0.6389898 0.6390021 0.6389452 0.6389588
0.6389825 0.6389937 0.638981 0.6389728 0.6390026
0.6389935 0.6389736 0.638981 0.6390127 0.6390165
0.6390138 0.6389997 0.639 0.6389975 0.6389931
0.6352577 0.6348406 0.6349421 0.6349516 0.6353936
0.6352157 0.6352103 0.635575 0.6358042 0.6359526
0.6361427 0.6366087 0.6365932 0.6368585 0.6369272
0.6374973 0.6371483 0.6371094 0.6375029 0.6373495
0.637503 0.6376868 0.6376075 0.6377171 0.6378817
0.6379006 0.6379679 0.6381408 0.6382796 0.6383899
0.6383342 0.6383713 0.6384871 0.6384342 0.6385195
0.6385351 0.6384891 0.6384942 0.6384903 0.6384819
0.6384681 0.638521 0.6385636 0.6385904 0.6386405
0.6387379 0.6386958 0.6387238 0.63867 0.638658
0.6387112 0.6387536 0.6388393 0.6388912 0.6388628
0.6388979 0.6388677 0.6388911 0.638902 0.6388651
0.6388916 0.6388907 0.6388896 0.6388982 0.6388991
0.6389254 0.6388934 0.6389055 0.6389405 0.6389498
0.6389868 0.6389712 0.6389594 0.6389855 0.6389883
0.6389498 0.6389545 0.6389435 0.6389509 0.6389455
0.6389621 0.6389523 0.6389548 0.6389491 0.6389425
0.6389765 0.6389711 0.6389825 0.6389673 0.6389831
0.6389691 0.6389729 0.6389898 0.6389946 0.6390112
0.6390365 0.6390565 0.6390409 0.6390176 0.6390058
0.6389774 0.6389955 0.6389988 0.6389908 0.6389694
0.638981 0.6390028 0.6389955 0.6389846 0.6389751
0.6389857 0.6390019 0.639003 0.6390164 0.6390195
0.6390052 0.6390088 0.6389826 0.638987 0.6389893
0.6389975 0.6389423 0.6389468 0.6389479 0.6389706
0.6389399 0.638994 0.6389669 0.6389718 0.6389822
0.6389712 0.6389723 0.6390324 0.6390201 0.6390253
0.6390134 0.639024 0.6390029 0.6389881 0.6389627
0.6389653 0.6389545 0.6389653 0.638974 0.6389511
0.638952 0.6389823 0.6389721 0.6389693 0.6389725
0.638966 0.6389476 0.6389572 0.6389761 0.6389738
0.638971 0.6389823 0.6389964 0.6389655 0.6389845
0.6389893 0.6389718 0.6389584 0.6389714 0.6389502
0.6389585 0.6389838 0.6389982 0.6389863 0.6390114
0.639018 0.6390128 0.6390331 0.639045 0.639048
0.6390242 0.6389944 0.6389919 0.6389856 0.6389669
0.6389582 0.6389813 0.6389935 0.6389761 0.6389715
0.6389881 0.6390072 0.6390035 0.6390543 0.6390289
0.6390552 0.6390342 0.6390222 0.6390012 0.6389968
0.638979 0.6389565 0.6390111 0.6390193 0.638991
0.6388722 0.6389278 0.6389358 0.6389521 0.6389378
0.6389246 0.6389452 0.6389497 0.6390078 0.6390019
0.6389706 0.6389646 0.6389592 0.6389991 0.6389777
0.6389958 0.6390077 0.6389981 0.6389789 0.6389987
0.6389987 0.6389763 0.6389532 0.6390104 0.6389841
0.6389677 0.6389631 0.6389813 0.6389557 0.6389322
0.6389686 0.6389951 0.6390038 0.639016 0.6390168
0.6390216 0.6390024 0.6389953 0.6390172 0.6390294
0.6390452 0.639008 0.6389617 0.6389863 0.6389736
0.6389938 0.639027 0.6390012 0.6389977 0.6390149
0.6389984 0.6390135 0.6390272 0.6390032 0.638974
0.6389778 0.6389974 0.63898 0.6389915 0.6389558
0.6389473 0.638903 0.6389185 0.6389343 0.6389827
0.6389798 0.6389889 0.6389835 0.6390042 0.6390054
0.6389655 0.6389984 0.63901 0.6390166 0.6389991
0.6390399 0.6389738 0.6389541 0.6389523 0.6389856
0.6390037 0.6389879 0.6390008 0.6390162 0.6390062
0.6389852 0.6389617 0.6389265 0.6389415 0.6389504
0.6389787 0.6390087 0.6389919 0.6389683 0.6389763
0.6390015 0.6389911 0.6389767 0.6389995 0.6389764
0.6389998 0.6389925 0.6390285 0.6390042 0.6389891
0.6390375 0.6390225 0.6390289 0.6390085 0.6390067
0.6389984 0.6389761 0.639003 0.6390064 0.6389781
0.6389778 0.638979 0.6389922 0.6389819 0.6389473
0.6389383 0.6389393 0.6389632 0.6389919 0.63899
0.6390019 0.6390482 0.6390549 0.63904 0.6389936
0.638997 0.6389784 0.6390058 0.6389797 0.6389836
0.6390064 0.6389972 0.6389869 0.6389636 0.6389427
0.6389958 0.6389781 0.6389834 0.6389779 0.639001
0.6389739 0.6389943 0.6389904 0.6389767 0.6389995
0.639024 0.6389733 0.6389954 0.6389936 0.6390014
0.6390007 0.6390011 0.6390074 0.6389965 0.639044
0.6390361 0.6390109 0.6390021 0.6389805 0.6389957
0.6389826 0.6389683 0.6390134 0.6389732 0.6389839
0.639015 0.6389871 0.638982 0.6389911 0.6389813
0.6389623 0.6389122 0.6389379 0.6389277 0.6389536
0.6389401 0.638969 0.6389579 0.6389547 0.6389795
0.6389502 0.6389738 0.6389876 0.638999 0.6390071
0.6389793 0.6389837 0.6390046 0.6390228 0.6390051
0.6389467 0.6389615 0.6389574 0.638976 0.6390185
0.005327823 0.005336911 0.00531451 0.005312619 0.005296691
0.005288989 0.005320132 0.005299477 0.005322382 0.005285767
0.005269288 0.005290569 0.005310306 0.005302199 0.005302143
0.005320389 0.005317564 0.005322616 0.005321829 0.005291494
0.005269427 0.005281872 0.005295326 0.005305819 0.005302034
0.005300869 0.005288809 0.00529541 0.005280484 0.005304508
0.005293411 0.005271621 0.00527952 0.005295406 0.005308635
0.005314168 0.005290229 0.005262216 0.005231504 0.005228975
0.005232146 0.005219822 0.00521354 0.005241846 0.005249955
0.005252243 0.005222368 0.005198888 0.00520992 0.005192936
0.005182546 0.005214054 0.005216523 0.005214398 0.005207679
0.005215264 0.005210568 0.00522461 0.005248165 0.005229005
0.005221998 0.005225627 0.005244534 0.005250474 0.005235101
0.005240516 0.005233261 0.00524348 0.005256895 0.00523601
0.005239163 0.005283321 0.005302 0.005290004 0.005312931
0.005306358 0.005302673 0.00531192 0.005318745 0.005316478
0.005312856 0.005316482 0.005309597 0.005309353 0.005309339
0.00530841 0.005308325 0.00529577 0.005297266 0.005304467
0.005289177 0.005299694 0.005301069 0.005287731 0.005277917
0.005256211 0.00527885 0.005279872 0.005290231 0.005284802
0.005287145 0.00529505 0.005271875 0.005260651 0.005271957
0.005284079 0.005270959 0.005261295 0.005260851 0.00526549
0.005266075 0.005280891 0.005274254 0.005275935 0.005267859
0.005254628 0.005272823 0.005265398 0.005289208 0.005275741
0.005255013 0.005231469 0.005214272 0.005223962 0.005202414
0.005198309 0.005211779 0.005202997 0.005185732 0.005177596
0.005186113 0.005213954 0.00523031 0.005224284 0.00521598
0.005211522 0.005230644 0.005245471 0.005244683 0.005268216
0.005240876 0.00524589 0.005265058 0.005269107 0.00528172
0.005288818 0.00531345 0.005309267 0.005282179 0.005282632
0.005254316 0.005256025 0.00527241 0.005251725 0.005277785
0.005264905 0.00522873 0.005211506 0.005202078 0.005229808
0.005227022 0.005228196 0.005231818 0.005227694 0.005229012
0.005221831 0.005229186 0.005242199 0.005226688 0.005230684
0.005271918 0.005255338 0.005253581 0.005245982 0.00525463
0.005264986 0.005252581 0.005267042 0.005282646 0.005298683
0.005311478 0.005318448 0.00533098 0.005325978 0.005321806
0.005328392 0.005330559 0.005338806 0.005341011 0.005335386
0.005342394 0.005350058 0.005341489 0.005363909 0.005361263
0.00533772 0.005337842 0.005369472 0.005369324 0.005361519
0.005234897 0.005247537 0.005249604 0.005241649 0.005260653
0.005274442 0.005261901 0.005277238 0.005286087 0.00527613
0.005298616 0.005278511 0.005271018 0.00529753 0.00526874
0.00526874 0.005268807 0.005259714 0.005241676 0.005261462
0.005254712 0.005263813 0.005239322 0.00524577 0.005219268
0.005196607 0.005199203 0.005200774 0.005219766 0.005230298
0.00522701 0.005224595 0.005266131 0.005250381 0.005280248
0.005283652 0.005289564 0.005278459 0.005244309 0.005278455
0.005282089 0.00525962 0.005308322 0.005314446 0.00531581
0.005314794 0.005324853 0.005324245 0.005317562 0.005315776
0.005286451 0.005290474 0.005318644 0.005322198 0.005324493
0.005306433 0.005306046 0.005312209 0.00532391 0.005343736
0.005322367 0.005292723 0.005277651 0.005257688 0.005274234
0.005256314 0.005271699 0.005272021 0.005275962 0.005284183
0.005276803 0.005245619 0.005276182 0.005291231 0.005300415
0.005309205 0.005296528 0.005277964 0.005265972 0.005283152
0.005273975 0.005257743 0.005292845 0.005309383 0.005293921
0.005278937 0.005263166 0.005259365 0.005301297 0.005289995
0.005287545 0.005279406 0.005256756 0.005294966 0.005317786
0.005307071 0.005355659 0.005368305 0.005344026 0.005338379
0.005310799 0.005306738 0.005292829 0.005266601 0.005287121
0.005278581 0.005264748 0.005271936 0.005280369 0.005266116
0.005260673 0.005267135 0.005253351 0.005232731 0.005266549
0.005293986 0.005261297 0.00523883 0.005247799 0.005243328
0.00528047 0.005286661 0.005313887 0.005293793 0.005298124
0.005308365 0.00528055 0.005273784 0.005312192 0.005319726
0.005315329 0.005321629 0.005327235 0.005296514 0.005270824
0.005261267 0.005256133 0.00525773 0.005189556 0.005178779
0.00517666 0.005181576 0.005163774 0.005186966 0.005163607
0.005222909 0.005230964 0.005249742 0.00523213 0.005219049
0.005203651 0.00521244 0.005215091 0.005222101 0.005248437
0.005255024 0.00527021 0.005257164 0.005285338 0.005290766
0.005293816 0.005278816 0.005269938 0.005254435 0.005249835
0.005237526 0.005242116 0.005224715 0.005202773 0.005187937
0.005189237 0.00520656 0.005204816 0.0051788 0.005189961
0.005215068 0.005207511 0.005218902 0.005239265 0.005230268
0.00523103 0.005244566 0.005239125 0.005265528 0.00526485
0.005264863 0.00527313 0.005296346 0.005302766 0.005306417
0.005276156 0.005270109 0.005249903 0.005261002 0.00527651
0.00527578 0.005281125 0.005270591 0.005256144 0.005259683
-0.01408546 -0.01282882 -0.01217176 -0.01121968 -0.0105101
-0.009429843 -0.008300276 -0.007708863 -0.006845237 -0.00638779
-0.005677803 -0.005162326 -0.004443181 -0.004129771 -0.003681694
-0.003252828 -0.00259673 -0.001882035 -0.001507633 -0.0009516924
-0.0004904029 -0.0001418674 0.0002987322 0.0005661011 0.001079705
0.001448004 0.001674059 0.001795276 0.001986955 0.002062709
0.00219006 0.002340017 0.002461168 0.002609798 0.00271067
0.002810686 0.002998547 0.00315404 0.003287177 0.003337805
0.003506718 0.003608399 0.003768345 0.003899379 0.003952421
0.004002433 0.004125384 0.004240552 0.004339472 0.004437226
0.004515476 0.004572358 0.004608403 0.004625879 0.004662933
0.00472324 0.004779631 0.004821297 0.004835854 0.004876533
0.004907473 0.004924579 0.00492958 0.004942071 0.00497841
0.005014601 0.005039469 0.005075203 0.005098661 0.005122816
0.005142705 0.005153879 0.005161632 0.005179107 0.005158232
0.005171047 0.005188553 0.005167894 0.005198899 0.005190994
0.005196948 0.005189354 0.005173146 0.005179803 0.005200068
0.005219967 0.005229393 0.005243929 0.005259577 0.005297264
0.005318971 0.005325609 0.005317112 0.005322609 0.005332598
0.005330993 0.005311918 0.005324746 0.005322868 0.005326571
0.005351182 0.005319226 0.005307125 0.005317099 0.005287722
0.005288354 0.005296262 0.005304419 0.00530493 0.005345782
0.005339987 0.00534015 0.005328847 0.005297069 0.005279864
0.005281401 0.005287337 0.005284229 0.005271037 0.005256182
0.005271529 0.005275973 0.005264795 0.005274789 0.005241139
0.005258135 0.005240758 0.005290612 0.005289146 0.005284894
0.005290347 0.005314245 0.005302257 0.005296087 0.005275706
0.005271226 0.005267038 0.005258355 0.005264036 0.005284196
0.005276681 0.005264989 0.005264121 0.005261743 0.005277192
0.005267246 0.005293207 0.005284018 0.005285352 0.005298171
0.005298502 0.00530403 0.00530571 0.005296117 0.005306369
0.005290603 0.005286577 0.005274267 0.005274732 0.005267241
0.005261849 0.005266512 0.005274415 0.005285324 0.005297515
0.005289675 0.005307007 0.005323897 0.005319741 0.005278784
0.005287538 0.005286184 0.005307317 0.005280444 0.005279342
0.005264333 0.005261639 0.005249819 0.005277007 0.005279975
0.005324612 0.005318533 0.005314954 0.005326185 0.005327799
0.00532792 0.00533196 0.005338444 0.00531878 0.005287592
0.005276184 0.005289146 0.005282693 0.005288742 0.005322035
0.0053244 0.005326543 0.005330414 0.005340889 0.005330603
0.005057564 0.005056465 0.005075752 0.005094455 0.005131092
0.005189084 0.005218355 0.005230434 0.005207893 0.005200028
0.005220359 0.00520023 0.005219482 0.005221156 0.00521643
0.005218321 0.005211903 0.0052042 0.005201956 0.005228074
0.005216892 0.005219009 0.005242672 0.005263495 0.00526644
0.005270326 0.005277355 0.005287098 0.005268893 0.005304031
0.00530508 0.005285064 0.005282693 0.005254506 0.005262487
0.005249984 0.005250413 0.005253407 0.005278389 0.005257024
0.005239724 0.005246882 0.005261397 0.005278447 0.005260285
0.005226654 0.005226286 0.005212119 0.005217036 0.005184337
0.005199116 0.005207234 0.005174867 0.005190112 0.005215565
0.005238364 0.005228763 0.005221347 0.005232614 0.005247774
0.005265358 0.005290675 0.005271252 0.005310705 0.005293478
0.005310694 0.005309842 0.00532876 0.005339568 0.005318109
0.005347578 0.00530611 0.005277178 0.005259041 0.005279077
0.005268713 0.005262848 0.005264371 0.005266557 0.005259911
0.005245739 0.005241452 0.005229693 0.005209493 0.005202741
0.00520323 0.005224852 0.005229441 0.005259064 0.005281408
0.005272499 0.005245775 0.005236496 0.005244564 0.005274981
0.005256671 0.005260055 0.005268061 0.005266076 0.00525704
0.005247753 0.005274245 0.005281151 0.005293841 0.005277928
0.005270005 0.005265267 0.00525069 0.005249081 0.005238757
0.005263583 0.00525654 0.005220073 0.005211649 0.00521506
0.005217513 0.00520728 0.005209557 0.005221382 0.00524795
0.005229206 0.00521064 0.005238165 0.005254779 0.005234306
0.005213674 0.005222122 0.005241431 0.005243137 0.005266783
0.005255467 0.005258005 0.005259281 0.005265338 0.005281339
0.005277749 0.005265751 0.005270584 0.005267243 0.005263979
0.00526128 0.005270422 0.005277468 0.005270534 0.005275351
0.005275103 0.00527557 0.005296213 0.005321101 0.005321137
0.005309019 0.005335929 0.005328587 0.005303075 0.00530246
0.005308652 0.005326783 0.005321881 0.005314203 0.00531032
0.005312841 0.005325813 0.005325217 0.005332632 0.005296467
0.005302789 0.005312 0.005294483 0.005320278 0.005307736
0.005308292 0.005299958 0.005307954 0.005277174 0.005269001
0.0052668 0.005294225 0.005316027 0.005317236 0.005302317
0.005313965 0.005333919 0.005349315 0.00533727 0.005327811
0.005339055 0.005333823 0.005317117 0.005328246 0.005297732
0.005269657 0.005286615 0.005254531 0.005248199 0.00527602
0.005320708 0.005350341 0.00534883 0.005359066 0.005346433
-0.0286648 -0.02864942 -0.02864654 -0.02863861 -0.02863171
-0.02863562 -0.02865297 -0.02864471 -0.02863828 -0.02862876
-0.02859555 -0.02858835 -0.02856939 -0.02859161 -0.02857519
-0.02859393 -0.02860637 -0.02860805 -0.02860498 -0.02859589
-0.02860162 -0.02861245 -0.02860803 -0.02859058 -0.02861379
-0.02861707 -0.02861119 -0.02864458 -0.02864486 -0.02866303
-0.02865074 -0.02864304 -0.02865826 -0.02866407 -0.0286959
-0.0287296 -0.02871139 -0.02869968 -0.02868579 -0.02867454
-0.02865985 -0.0286656 -0.02867386 -0.02868529 -0.02870286
-0.02868998 -0.02865976 -0.02863127 -0.0286311 -0.02862638
-0.02863438 -0.02865089 -0.02865224 -0.02865828 -0.02861644
-0.02859798 -0.02860174 -0.02859124 -0.02859612 -0.02860706
-0.02856954 -0.02857552 -0.02859267 -0.02856816 -0.02856623
-0.02856388 -0.02855659 -0.02853932 -0.02851656 -0.02851522
-0.02851367 -0.02853362 -0.02854028 -0.02852982 -0.02856089
-0.02854323 -0.02856626 -0.02858663 -0.02860511 -0.02859326
-0.02858781 -0.02859645 -0.02857938 -0.02858112 -0.0285916
-0.02860654 -0.02858618 -0.02861534 -0.02859402 -0.02861776
-0.02862352 -0.02863793 -0.02864931 -0.02866376 -0.02867023
-0.02864667 -0.02866009 -0.02864989 -0.02865496 -0.02864191
-0.02864865 -0.02866538 -0.02866793 -0.02867147 -0.02867298
-0.02866961 -0.02865991 -0.02867108 -0.02867506 -0.02869675
-0.02867971 -0.02872702 -0.02870733 -0.02872726 -0.028729
-0.02871329 -0.02871796 -0.02869971 -0.028707 -0.02872038
-0.02869156 -0.02868324 -0.02865245 -0.028659 -0.02862007
-0.02861951 -0.02859851 -0.02859465 -0.02861901 -0.02862035
-0.02861449 -0.02861602 -0.02861111 -0.02859018 -0.02858167
-0.02858066 -0.02858399 -0.02858541 -0.028589 -0.02859559
-0.02858047 -0.02858645 -0.02859654 -0.02859742 -0.02860313
-0.02862053 -0.02863989 -0.02863834 -0.02862261 -0.02862249
-0.02860979 -0.0285944 -0.02858589 -0.02858781 -0.02861241
-0.02861809 -0.02860512 -0.02859097 -0.0285843 -0.02858628
-0.02856173 -0.02856305 -0.02856756 -0.02857174 -0.02857932
-0.02857183 -0.0285739 -0.02859195 -0.02857432 -0.02856105
-0.02858087 -0.02855922 -0.02855409 -0.02854648 -0.02855977
-0.02854846 -0.02855214 -0.02852442 -0.02854879 -0.02856928
-0.02856029 -0.02857622 -0.0285935 -0.02858526 -0.02857476
-0.02857432 -0.02858277 -0.02859311 -0.02861007 -0.02861398
-0.02860304 -0.02861102 -0.02857428 -0.02859882 -0.02857789
-0.02857276 -0.02856722 -0.02859229 -0.02858953 -0.02859449
-0.02858438 -0.02859623 -0.02859832 -0.02859526 -0.02859948
-0.02861464 -0.02860916 -0.02860878 -0.02861545 -0.02861391
-0.02863048 -0.0286314 -0.02862905 -0.02864894 -0.02863048
-0.02862798 -0.02863207 -0.02866132 -0.02863969 -0.02864812
-0.02867236 -0.02865103 -0.02863896 -0.02863877 -0.02861047
-0.02859643 -0.02859375 -0.02858548 -0.028614 -0.02862639
-0.02861979 -0.02862784 -0.02861589 -0.02859854 -0.02861098
-0.02859415 -0.02858849 -0.02856191 -0.0285511 -0.02859454
-0.02857912 -0.02854505 -0.02856985 -0.02857991 -0.02858377
-0.02859234 -0.0285921 -0.02859777 -0.02860439 -0.02860489
-0.0286012 -0.02860944 -0.02862761 -0.0286447 -0.02863963
-0.02862871 -0.02863164 -0.02863905 -0.02864064 -0.02866798
-0.02867243 -0.02866785 -0.02863805 -0.0286334 -0.02863263
-0.02861168 -0.02862673 -0.0286265 -0.0286204 -0.02862584
-0.02863713 -0.02861471 -0.02860867 -0.02863323 -0.02864079
-0.02863827 -0.02861743 -0.02862461 -0.02863415 -0.02864548
-0.02865161 -0.02865186 -0.02866833 -0.02865131 -0.02862916
-0.02861495 -0.02859766 -0.02857938 -0.02858508 -0.0285528
-0.02855082 -0.02856645 -0.02853131 -0.02857073 -0.02857503
-0.02857025 -0.02859247 -0.0285771 -0.02858796 -0.02859365
-0.02858545 -0.02859784 -0.02859189 -0.02858574 -0.0286209
-0.02862277 -0.02861894 -0.02862216 -0.02864661 -0.02864022
-0.02861723 -0.02865766 -0.02866642 -0.02867041 -0.02867221
-0.02867868 -0.02866211 -0.02863008 -0.02862745 -0.02862729
-0.0286404 -0.02864303 -0.02868829 -0.02866798 -0.02869113
-0.02871343 -0.02868504 -0.02866207 -0.02870564 -0.02868282
-0.02867619 -0.02866053 -0.02866534 -0.02865524 -0.0286567
-0.02864702 -0.02867168 -0.02869058 -0.02864805 -0.02864751
-0.02864791 -0.02864224 -0.02861289 -0.02858338 -0.02855816
-0.02860335 -0.02860726 -0.02863015 -0.02859868 -0.02859415
-0.02860315 -0.02861398 -0.02861494 -0.02858474 -0.02859066
-0.0286138 -0.02864165 -0.02863663 -0.02867507 -0.02868578
-0.02867092 -0.02866192 -0.02865314 -0.02866995 -0.02870202
-0.02869658 -0.02871058 -0.02870225 -0.02866578 -0.02867529
-0.02867314 -0.02867932 -0.02868639 -0.02865197 -0.02864923
-0.02866117 -0.02864498 -0.02862915 -0.02864227 -0.02863335
-0.02862552 -0.02862463 -0.02861574 -0.02861616 -0.02861159
-0.02861678 -0.028608 -0.028637 -0.02864048 -0.02866366
-0.02864961 -0.02861826 -0.028624 -0.02864565 -0.02867125
-0.02867171 -0.0286776 -0.02865387 -0.02864955 -0.02862783
-0.03858087 -0.03805073 -0.03741992 -0.03630441 -0.03522684
-0.03437114 -0.03470914 -0.03354097 -0.03301823 -0.03192797
-0.03160908 -0.03121438 -0.03114515 -0.03049815 -0.02998633
-0.03018718 -0.029882 -0.02991255 -0.02992069 -0.02998225
-0.02992887 -0.02994363 -0.02983847 -0.0298514 -0.03013652
-0.03032332 -0.03021844 -0.03003621 -0.03009593 -0.03007492
-0.02987718 -0.02967803 -0.02971427 -0.02968926 -0.02958047
-0.02950608 -0.02948518 -0.02949538 -0.02943752 -0.02921778
-0.02920326 -0.02918379 -0.02913644 -0.02908647 -0.02895973
-0.0289048 -0.02883556 -0.02884175 -0.02881625 -0.02882365
-0.02881173 -0.02880434 -0.0288019 -0.02878236 -0.02877059
-0.02876588 -0.02874583 -0.02876194 -0.02875162 -0.02873775
-0.02876066 -0.02874971 -0.02872911 -0.02873268 -0.02871621
-0.02869843 -0.02867669 -0.02866026 -0.02867587 -0.02868494
-0.02869452 -0.02869473 -0.02867688 -0.02869325 -0.02867895
-0.02866313 -0.02868664 -0.02865834 -0.02867212 -0.02862781
-0.0286437 -0.02866031 -0.02862925 -0.0285829 -0.02857125
-0.02857477 -0.02855554 -0.028558 -0.02856469 -0.02858186
-0.02859911 -0.02859481 -0.02861324 -0.0286295 -0.0286359
-0.02867289 -0.02868235 -0.02869362 -0.02868952 -0.02865231
-0.0286734 -0.0286577 -0.02865846 -0.02865501 -0.02861983
-0.02863696 -0.02865316 -0.02863795 -0.02866605 -0.02869014
-0.02868684 -0.02867744 -0.02869281 -0.02869785 -0.02869622
-0.02870874 -0.02872903 -0.02872874 -0.02874547 -0.02871385
-0.0287135 -0.02870206 -0.02870637 -0.02869246 -0.02864214
-0.02865136 -0.02864951 -0.02866927 -0.02865949 -0.0286886
-0.02865986 -0.02869447 -0.0286757 -0.0286744 -0.02867014
-0.02869016 -0.02866952 -0.02864572 -0.02867017 -0.02868349
-0.02866295 -0.02862259 -0.02864163 -0.0286365 -0.02861258
-0.02859052 -0.02862048 -0.02861998 -0.02861479 -0.02862537
-0.028627 -0.02863803 -0.02863988 -0.02863964 -0.02865657
-0.02863028 -0.02864769 -0.02864508 -0.02862723 -0.02858904
-0.02856052 -0.02854697 -0.02855988 -0.02856359 -0.02857391
-0.02857213 -0.02859263 -0.0286377 -0.02861732 -0.0285633
-0.02855666 -0.02856145 -0.02855749 -0.02855381 -0.028573
-0.02855659 -0.02853387 -0.02853237 -0.02852748 -0.02850906
-0.02854139 -0.02853745 -0.02855524 -0.02856369 -0.02855166
-0.02854486 -0.02856406 -0.0285674 -0.02856293 -0.02853285
-0.02853863 -0.02855326 -0.02855951 -0.02860085 -0.02861528
-0.02863149 -0.02860433 -0.02862092 -0.02864859 -0.02862835
-0.02856915 -0.02854655 -0.02855527 -0.02858252 -0.02859586
-0.02859538 -0.02864529 -0.02866578 -0.02864444 -0.02864319
-0.02865716 -0.0286399 -0.02861993 -0.02864817 -0.02865916
-0.02865265 -0.02864157 -0.02863986 -0.02862107 -0.02862593
-0.02861749 -0.02860717 -0.02862098 -0.02862591 -0.0286186
-0.02862212 -0.02861875 -0.02860274 -0.0285725 -0.02857445
-0.02860208 -0.02859229 -0.02861342 -0.02858971 -0.0286025
-0.02860275 -0.02860387 -0.02858831 -0.02861919 -0.02859302
-0.02859783 -0.02860347 -0.02858681 -0.02860392 -0.02858592
-0.02857107 -0.02857367 -0.02857171 -0.02860053 -0.02856798
-0.0285679 -0.0285865 -0.0285879 -0.02859262 -0.02861033
-0.02863551 -0.02860883 -0.02859536 -0.02858249 -0.02861719
-0.0286387 -0.02862416 -0.02862136 -0.02866059 -0.02865458
-0.0286311 -0.02863244 -0.02864386 -0.02866675 -0.02865115
-0.02865153 -0.02863643 -0.02862147 -0.02860804 -0.02861006
-0.02865975 -0.02863813 -0.02863521 -0.02864597 -0.02865338
-0.02864901 -0.02864393 -0.02863561 -0.02861975 -0.02861757
-0.0286114 -0.02859205 -0.02857664 -0.0285823 -0.02859146
-0.0285727 -0.02855246 -0.02855294 -0.02856883 -0.02861619
-0.02861489 -0.02862066 -0.0286362 -0.0286137 -0.02860693
-0.02860058 -0.02860673 -0.02861508 -0.02861101 -0.02860038
-0.02859006 -0.02859134 -0.0285907 -0.02858987 -0.02859656
-0.02862944 -0.02862203 -0.02861346 -0.02861046 -0.02861607
-0.02860848 -0.02860291 -0.02858611 -0.02859389 -0.02860897
-0.02861993 -0.02860492 -0.02860858 -0.02862838 -0.02859186
-0.02857525 -0.02858836 -0.02861712 -0.02862365 -0.02863921
-0.02863533 -0.02861314 -0.02861931 -0.02862037 -0.02860992
-0.02863431 -0.02862079 -0.02862489 -0.02860927 -0.02857089
-0.02855314 -0.0285514 -0.02855026 -0.02853307 -0.02854292
-0.02853624 -0.02850799 -0.02850957 -0.02852277 -0.02856471
-0.02855471 -0.02859658 -0.02858437 -0.02859924 -0.0286024
-0.02861476 -0.02862948 -0.02862825 -0.02863817 -0.02862464
-0.02862188 -0.0286518 -0.02865397 -0.02865739 -0.02863605
-0.02863623 -0.02861393 -0.02863282 -0.0286343 -0.02862648
-0.02863848 -0.02863276 -0.0286643 -0.02864432 -0.02865166
-0.02866143 -0.02864947 -0.02865788 -0.02864073 -0.02860738
-0.02863129 -0.02865679 -0.02864461 -0.02864229 -0.02863965
-0.02863644 -0.02863525 -0.0286129 -0.02860317 -0.02859094
-0.02856656 -0.02856257 -0.02856583 -0.0285731 -0.02858939
-0.02859689 -0.02856988 -0.02855618 -0.02859317 -0.02860816
4.256615 4.256725 4.256406 4.256353 4.256519
4.256547 4.256678 4.256757 4.256816 4.256561
4.256353 4.256323 4.256077 4.256109 4.255566
4.255812 4.255928 4.255815 4.255711 4.256264
4.25644 4.256503 4.256348 4.255881 4.25625
4.256246 4.256436 4.256869 4.256931 4.257455
4.256778 4.256832 4.257238 4.256959 4.257728
4.257922 4.257429 4.257681 4.258105 4.258236
4.257853 4.258163 4.258288 4.25864 4.258395
4.258036 4.258052 4.257961 4.25767 4.257905
4.258287 4.258389 4.258412 4.258539 4.258072
4.257774 4.258024 4.257591 4.257064 4.256918
4.256869 4.256964 4.256832 4.256431 4.256344
4.256151 4.256134 4.25591 4.255944 4.255579
4.255483 4.255441 4.255587 4.255287 4.25561
4.255422 4.255406 4.255681 4.256089 4.25597
4.256006 4.255569 4.255509 4.255614 4.255956
4.256064 4.255907 4.256003 4.255917 4.256379
4.256696 4.25685 4.25656 4.256832 4.257122
4.257227 4.257145 4.257373 4.257366 4.257013
4.256884 4.256869 4.257364 4.257316 4.257401
4.257116 4.257296 4.25757 4.257559 4.257989
4.258028 4.258287 4.258352 4.258439 4.258482
4.258528 4.258681 4.258406 4.258372 4.258585
4.257938 4.258145 4.257957 4.258244 4.258026
4.257924 4.257443 4.25756 4.257735 4.258217
4.258116 4.258066 4.257471 4.25721 4.257203
4.257189 4.256817 4.256802 4.256834 4.256603
4.256511 4.256315 4.256532 4.256627 4.256652
4.256743 4.256829 4.256743 4.256682 4.256672
4.256668 4.256491 4.256139 4.256408 4.256504
4.256523 4.256659 4.257346 4.257139 4.256879
4.256873 4.256939 4.256826 4.256684 4.25697
4.256928 4.257107 4.257007 4.256878 4.256743
4.256839 4.256464 4.256444 4.256149 4.255977
4.25599 4.255832 4.255605 4.255687 4.255818
4.255792 4.255839 4.255579 4.25551 4.25561
4.25554 4.255538 4.255682 4.255701 4.255786
4.255656 4.255511 4.255297 4.25546 4.25551
4.255336 4.255197 4.254974 4.254868 4.255085
4.256822 4.256726 4.256979 4.257072 4.25674
4.256557 4.256485 4.256788 4.256683 4.256517
4.256747 4.256802 4.257284 4.257356 4.256965
4.256904 4.256811 4.256977 4.256987 4.257616
4.25814 4.257469 4.257331 4.257527 4.257488
4.257575 4.257746 4.257689 4.257754 4.257925
4.257798 4.257837 4.257378 4.257211 4.256722
4.256552 4.256315 4.256275 4.256362 4.256483
4.256203 4.255765 4.255535 4.255376 4.255535
4.255664 4.255762 4.255818 4.255836 4.255697
4.255919 4.255992 4.256288 4.256536 4.25647
4.256339 4.256252 4.256355 4.256394 4.256421
4.256682 4.256987 4.25675 4.257089 4.257046
4.257174 4.257287 4.25727 4.257029 4.256819
4.257113 4.256945 4.256749 4.256912 4.25687
4.256918 4.256554 4.256648 4.256649 4.25711
4.257302 4.257225 4.257608 4.25726 4.256909
4.256655 4.25697 4.256688 4.256556 4.25604
4.25593 4.256045 4.255776 4.255806 4.255334
4.255554 4.25553 4.25488 4.255154 4.255405
4.255732 4.255743 4.255797 4.256198 4.25613
4.256487 4.25684 4.257119 4.257112 4.256842
4.256614 4.257362 4.257802 4.258382 4.258201
4.257752 4.257799 4.25744 4.257427 4.2577
4.257696 4.257578 4.257569 4.257507 4.25768
4.257454 4.257439 4.257477 4.25757 4.257431
4.25733 4.257202 4.257257 4.257273 4.257497
4.257501 4.257576 4.257952 4.25791 4.258403
4.258715 4.258768 4.258516 4.2581 4.2578
4.257638 4.257178 4.257374 4.257137 4.257239
4.257496 4.257882 4.257861 4.257406 4.257236
4.257105 4.257409 4.257436 4.257596 4.257464
4.257568 4.257387 4.2574 4.257709 4.258341
4.258365 4.258936 4.259116 4.259073 4.259169
4.259066 4.258857 4.258907 4.258953 4.258731
4.258472 4.258421 4.257836 4.257727 4.257683
4.257776 4.257294 4.257282 4.257381 4.25721
4.257003 4.256637 4.256848 4.256701 4.256841
4.257105 4.257157 4.2573 4.257251 4.257304
4.257221 4.257408 4.257353 4.257562 4.257263
4.732539 4.709516 4.689743 4.658537 4.628252
4.599836 4.590031 4.559798 4.536428 4.512781
4.49487 4.476553 4.465778 4.448615 4.432993
4.423345 4.413016 4.40354 4.394299 4.387486
4.378623 4.371298 4.36388 4.358791 4.35338
4.350758 4.345242 4.338844 4.335799 4.332848
4.328598 4.322736 4.320767 4.318107 4.314753
4.312016 4.308992 4.307025 4.303938 4.299944
4.297249 4.295006 4.291478 4.288601 4.285287
4.282821 4.280333 4.27837 4.277154 4.275684
4.274096 4.272437 4.271336 4.270018 4.269506
4.268131 4.267372 4.266756 4.266244 4.265901
4.265417 4.26518 4.264515 4.264449 4.263578
4.262624 4.262342 4.26148 4.260888 4.260636
4.25998 4.260067 4.259681 4.259458 4.259436
4.259416 4.259379 4.259328 4.25921 4.258477
4.258809 4.259099 4.258827 4.258224 4.257574
4.257272 4.25676 4.256484 4.256525 4.255986
4.25605 4.255883 4.256272 4.256152 4.255928
4.256492 4.256656 4.256842 4.256893 4.256239
4.256664 4.25667 4.257035 4.256772 4.25698
4.256979 4.256953 4.25649 4.256885 4.257015
4.25688 4.256469 4.256895 4.257254 4.257589
4.257842 4.258107 4.258257 4.258763 4.258378
4.258332 4.258389 4.258511 4.258338 4.25771
4.258043 4.25781 4.257564 4.257487 4.257692
4.257436 4.257664 4.257009 4.25686 4.257176
4.257596 4.25746 4.257374 4.257558 4.257883
4.257661 4.257492 4.257621 4.257494 4.257174
4.25694 4.256749 4.25678 4.256802 4.256874
4.256762 4.257066 4.25698 4.256873 4.257133
4.256981 4.257032 4.257275 4.257095 4.256451
4.256105 4.256082 4.256241 4.256131 4.256128
4.256177 4.256098 4.256332 4.256141 4.255626
4.255637 4.255562 4.254982 4.255108 4.255702
4.255698 4.255968 4.256061 4.255632 4.255201
4.255146 4.255142 4.255113 4.255199 4.255309
4.254953 4.254929 4.254904 4.254745 4.255053
4.255071 4.255187 4.255606 4.25621 4.256127
4.256372 4.25607 4.255819 4.256107 4.256116
4.260513 4.259922 4.259317 4.259252 4.259226
4.258562 4.258549 4.258419 4.258002 4.258287
4.258267 4.258383 4.258074 4.258003 4.258431
4.258193 4.258051 4.25807 4.258226 4.25761
4.257492 4.257522 4.257749 4.25701 4.256862
4.257228 4.257109 4.256435 4.256613 4.256405
4.256434 4.256151 4.256265 4.256449 4.256505
4.256562 4.256788 4.256775 4.256502 4.256281
4.256567 4.25679 4.256697 4.256717 4.25665
4.256753 4.256387 4.256961 4.257488 4.257204
4.25708 4.257177 4.257422 4.257628 4.257874
4.257613 4.257408 4.257269 4.257097 4.257573
4.257708 4.257522 4.25763 4.257502 4.2572
4.256475 4.256491 4.256415 4.256419 4.256393
4.256354 4.256487 4.256678 4.256793 4.256619
4.256955 4.257407 4.257638 4.25777 4.257429
4.257545 4.257639 4.257656 4.257728 4.257748
4.257829 4.257255 4.257455 4.256986 4.256779
4.256238 4.256208 4.256518 4.256695 4.256967
4.256958 4.257175 4.257278 4.256876 4.257066
4.256963 4.25659 4.256199 4.256306 4.256411
4.25616 4.256169 4.256316 4.256744 4.256848
4.257096 4.257183 4.257505 4.257474 4.257669
4.257652 4.257671 4.257381 4.257273 4.257455
4.258041 4.258234 4.25742 4.257117 4.257198
4.256888 4.256698 4.256749 4.256864 4.257185
4.257245 4.257041 4.256931 4.257005 4.256753
4.256859 4.257006 4.257121 4.25701 4.256693
4.256134 4.256019 4.255871 4.255739 4.25568
4.255747 4.25529 4.254934 4.254743 4.255142
4.255075 4.255801 4.255529 4.256095 4.256095
4.256177 4.256127 4.256151 4.256404 4.255961
4.255896 4.256386 4.25653 4.25671 4.256724
4.256693 4.256314 4.25649 4.256529 4.256591
4.256558 4.256683 4.256982 4.257113 4.257504
4.25791 4.257781 4.257281 4.257093 4.256578
4.256905 4.256852 4.256367 4.256438 4.256514
4.256214 4.256357 4.256271 4.255833 4.255739
4.256186 4.256076 4.256249 4.256263 4.256343
4.256179 4.255265 4.254864 4.255263 4.255386
0.09667867 0.09758979 0.09574821 0.0975852 0.09722104
0.09648846 0.09833752 0.09638163 0.09687372 0.09708283
0.09706088 0.09677548 0.09604651 0.09717545 0.09750927
0.09571134 0.09768696 0.09690193 0.09760192 0.09719884
0.09635934 0.09621388 0.09702706 0.09659642 0.09615952
0.09766302 0.09707235 0.09824716 0.09728229 0.09701552
0.09717403 0.09623177 0.09720019 0.09806888 0.09668582
0.09819032 0.09765623 0.09704488 0.09678818 0.09697003
0.09761221 0.0961625 0.09666468 0.09656038 0.09736254
0.09779799 0.09629123 0.09753039 0.09726609 0.09612427
0.09737954 0.09842127 0.09671806 0.09755725 0.09714687
0.09714925 0.09742236 0.09714147 0.09629689 0.09815344
0.09769851 0.09709347 0.09871276 0.0966768 0.09671513
0.09669608 0.09652584 0.09706995 0.09691571 0.09677927
0.09636232 0.0972618 0.09713416 0.09724506 0.09588155
0.09748478 0.09684294 0.09580388 0.09777469 0.09736066
0.09704932 0.09651722 0.09637224 0.09594085 0.09729647
0.09754092 0.09689322 0.09814058 0.09612675 0.09686094
0.09644795 0.09638501 0.09640798 0.09792315 0.09768544
0.0972149 0.09768253 0.09750344 0.09741048 0.09769958
0.09656929 0.09641804 0.09776157 0.09702183 0.09748967
0.09654154 0.09774191 0.09675423 0.0974266 0.09727058
0.09769723 0.09709689 0.0971838 0.09772461 0.09631585
0.09770041 0.09748363 0.09805172 0.09686847 0.09702637
0.09700112 0.09732546 0.09701077 0.09802318 0.09763286
0.09739094 0.09607468 0.09749844 0.09779194 0.09732755
0.09702591 0.09694508 0.09751511 0.09738822 0.09830479
0.09718026 0.09799058 0.09645448 0.09707964 0.09619277
0.09740492 0.0976461 0.09663894 0.09678423 0.09662398
0.09615062 0.09779953 0.09720768 0.09776875 0.09564686
0.09663091 0.09666163 0.09617263 0.09702326 0.09733809
0.09657601 0.09762496 0.09509245 0.09757387 0.09779854
0.09713099 0.09776924 0.09649991 0.09667086 0.09600695
0.09775283 0.09712818 0.09688793 0.09658069 0.09789092
0.09807447 0.09650241 0.09633701 0.09713997 0.09777525
0.09801122 0.09683131 0.09755584 0.09568554 0.09760763
0.09593464 0.09655335 0.09643519 0.09775638 0.09641345
0.09739506 0.09634361 0.09529297 0.09667801 0.09744454
0.09769104 0.09700163 0.09709543 0.09637036 0.09666351
0.09623947 0.09630651 0.09681898 0.09673717 0.09734608
0.09740373 0.09669549 0.09732081 0.09699492 0.09738129
0.09729055 0.09756639 0.09670609 0.09631817 0.09778157
0.09632278 0.09613501 0.09710403 0.09718209 0.09746071
0.09734251 0.100035 0.09749842 0.09687837 0.0965706
0.09696174 0.09705631 0.09628379 0.09732541 0.09635743
0.09748357 0.09640886 0.09672019 0.09736618 0.09673738
0.09728099 0.09812601 0.09679158 0.09630745 0.09778444
0.09575657 0.09702348 0.09775117 0.09739193 0.09629237
0.09640338 0.09697993 0.09699214 0.09703056 0.09684898
0.09642233 0.09561464 0.09844916 0.09695951 0.09595019
0.09822395 0.09683525 0.09707764 0.09752549 0.09736571
0.09628413 0.09718212 0.09763832 0.09792513 0.09733969
0.09623647 0.09656918 0.09703289 0.09766617 0.09559934
0.09615378 0.09741512 0.09671912 0.09808696 0.09779027
0.09759746 0.09661289 0.09807071 0.09603343 0.09673751
0.09775318 0.09729791 0.09620268 0.09721108 0.09605606
0.09842937 0.09726287 0.09789084 0.09629362 0.09725452
0.09652051 0.09690607 0.0964441 0.09644032 0.09711732
0.09648244 0.09655709 0.0971299 0.09742202 0.09653832
0.09637845 0.0976744 0.09747868 0.09602116 0.0970736
0.09679596 0.09733705 0.09670438 0.09775872 0.09702175
0.09600786 0.09792054 0.09669643 0.0971549 0.09680303
0.09715754 0.09733232 0.09645248 0.09749513 0.09684429
0.0966384 0.09683253 0.09715878 0.09663194 0.09728939
0.09703162 0.09761586 0.0972877 0.09835342 0.09820157
0.09678981 0.0970397 0.09719561 0.09803751 0.09729011
0.09662688 0.09657089 0.09717962 0.09618467 0.09727936
0.09610585 0.09741269 0.0971597 0.09692085 0.09708557
0.09717566 0.0977105 0.09736097 0.09670828 0.09679006
0.09713974 0.09742114 0.09677205 0.09620272 0.09614976
0.09685395 0.0972923 0.09666559 0.09601843 0.09809777
0.09626475 0.09688064 0.09744797 0.09579401 0.09693385
0.09770622 0.09679254 0.09753333 0.09644961 0.09743682
0.09743737 0.09800065 0.09691745 0.09693668 0.09757964
0.09780679 0.09687258 0.09768122 0.09835191 0.09762156
0.09702149 0.09716505 0.09671198 0.09719348 0.09724341
0.09818913 0.09721562 0.09778412 0.09693093 0.09718658
0.0964072 0.09807146 0.09685545 0.09680906 0.09711101
0.09801436 0.09606199 0.0968045 0.09806732 0.09758496
0.09701662 0.09676351 0.09659923 0.09697249 0.09758701
0.1322569 0.1308611 0.1290733 0.1277278 0.1247989
0.1251825 0.1191111 0.1211988 0.1184348 0.114901
0.1137111 0.1161318 0.1110214 0.1113094 0.1085332
0.1074908 0.1073098 0.1062016 0.1064729 0.1054361
0.1038802 0.1044601 0.1057129 0.1039909 0.1025386
0.1027485 0.102927 0.1022896 0.1035997 0.1032513
0.1029998 0.1027249 0.1017519 0.1035896 0.1009614
0.1016425 0.09893831 0.1011224 0.100219 0.09979005
0.100216 0.0980848 0.1000678 0.09943738 0.09916003
0.09997112 0.09803921 0.09944259 0.09816629 0.09862105
0.09731158 0.09774001 0.09643392 0.09645377 0.09682152
0.09856506 0.09768707 0.09784537 0.09711752 0.0961458
0.09826566 0.09775286 0.09749736 0.09778179 0.09704864
0.09803275 0.09822099 0.09696923 0.09729014 0.09707415
0.09769836 0.09685055 0.09724746 0.09760555 0.09658907
0.09646565 0.09688406 0.09779452 0.0973706 0.09598929
0.09655706 0.09732616 0.09801827 0.09825563 0.09782388
0.09601209 0.09742976 0.09716622 0.09701656 0.0963868
0.09711278 0.09807511 0.09722782 0.09857742 0.09587829
0.09685144 0.09648621 0.09897403 0.09662985 0.09667038
0.09631093 0.09751709 0.09634622 0.09842958 0.09719916
0.0969333 0.0963448 0.09687084 0.09702202 0.09618219
0.09672087 0.09728146 0.09667556 0.09622802 0.09815908
0.09697316 0.098123 0.09694035 0.09751424 0.09691163
0.09767544 0.09779647 0.09734778 0.0964545 0.09636192
0.09652365 0.09523271 0.09763745 0.09699791 0.09703221
0.09703145 0.09655024 0.09724164 0.09627073 0.09737505
0.09863915 0.09718747 0.09749056 0.09673465 0.09749272
0.09701373 0.09600148 0.09725753 0.09614853 0.09714136
0.09863173 0.09757311 0.09764271 0.09655674 0.09744017
0.09659121 0.09675489 0.09690965 0.09654945 0.09835588
0.09641222 0.09666613 0.09648289 0.09713822 0.09719848
0.09691398 0.09774653 0.09799831 0.09715099 0.09607371
0.09674639 0.09683112 0.09702783 0.09712994 0.09722327
0.09673301 0.09725478 0.09711647 0.09696305 0.09652982
0.09745481 0.09691509 0.09586778 0.09606274 0.09714023
0.09620001 0.09662619 0.09664773 0.09666554 0.09687069
0.09666917 0.09643792 0.09641759 0.0967701 0.09653321
0.09683671 0.09683314 0.09599687 0.09835688 0.09705825
0.09827074 0.09744227 0.09743842 0.09729763 0.09798949
0.09791168 0.09750869 0.09693628 0.09724009 0.09829925
0.09822909 0.09585375 0.09681287 0.09708951 0.09738316
0.09660124 0.09747493 0.09706 0.09725939 0.09769533
0.09600569 0.09557508 0.0990593 0.09716493 0.09771384
0.09772918 0.09674143 0.09633002 0.09671791 0.09631949
0.0970245 0.09715082 0.09684683 0.09664529 0.09681676
0.0964604 0.0965693 0.0982638 0.09634193 0.09828279
0.0974218 0.09684561 0.09755966 0.09792269 0.09724136
0.09713744 0.09702298 0.0971673 0.09768484 0.097449
0.09669529 0.09791326 0.0976326 0.0969172 0.09700301
0.09738571 0.09613825 0.09713648 0.09745979 0.09665051
0.09728619 0.09700842 0.09685973 0.09695257 0.09649072
0.0976499 0.09623852 0.09591485 0.09717952 0.09781506
0.097318 0.09772701 0.09785515 0.09653859 0.09659252
0.09716145 0.0984006 0.0968751 0.09625809 0.09744033
0.09785214 0.09646622 0.09825024 0.09705558 0.09700223
0.09643446 0.09741431 0.09767393 0.0972505 0.09636635
0.09792445 0.0973625 0.09692173 0.09556553 0.09662426
0.09777746 0.09572609 0.09693969 0.09822051 0.09945206
0.09724192 0.09711011 0.09741166 0.09766183 0.09724044
0.09709646 0.09649612 0.09731561 0.09749849 0.09638296
0.09649387 0.09700765 0.09645353 0.09810172 0.09742525
0.09666662 0.09606595 0.09714795 0.09777869 0.09722479
0.0973659 0.09676516 0.09787707 0.09536132 0.09851639
0.09654095 0.09705479 0.09773942 0.09615471 0.0966578
0.09614526 0.09718579 0.09857182 0.09750872 0.09682365
0.09696654 0.09687103 0.09678376 0.09607133 0.09678992
0.09639208 0.09720312 0.09728155 0.09844518 0.0969329
0.09661327 0.09687626 0.09672448 0.09553032 0.09633593
0.09722953 0.09650163 0.09671223 0.09720909 0.09801697
0.09690023 0.09698747 0.09786519 0.09759864 0.09709278
0.09543287 0.09698794 0.09835952 0.09633642 0.09691289
0.09656337 0.09715864 0.09704157 0.09668651 0.09681435
0.09638591 0.09768408 0.09709434 0.09671531 0.09740847
0.09658229 0.09759101 0.09691323 0.09819803 0.09796455
0.09738331 0.0972391 0.09704413 0.0978478 0.09717281
0.0967425 0.09555254 0.09764662 0.09683399 0.09718567
0.09637836 0.09609693 0.09597116 0.0972483 0.09627544
0.0971882 0.09670157 0.09550149 0.09719271 0.09822302
0.0966319 0.09654922 0.09726344 0.09725749 0.09694839
0.7091088 0.7095703 0.709133 0.7093326 0.70928
0.709421 0.7092122 0.709197 0.7094546 0.7094279
0.7098337 0.709026 0.7097029 0.7093122 0.7098081
0.7089191 0.7091593 0.7091859 0.7097208 0.7089075
0.7091913 0.7096846 0.7092002 0.7096338 0.7093295
0.7096282 0.7095294 0.7093425 0.7092414 0.7089599
0.7091787 0.7094176 0.709445 0.7093287 0.709132
0.7094376 0.708836 0.7091211 0.70972 0.7092708
0.7092952 0.7094358 0.7090186 0.7089119 0.70954
0.7085241 0.7095492 0.7091546 0.7092012 0.7089595
0.7092544 0.708946 0.7092519 0.7096987 0.7095347
0.7092936 0.7099052 0.7094454 0.7095384 0.7096954
0.709392 0.7090214 0.7092586 0.7098465 0.7095515
0.7094582 0.7096057 0.7095494 0.709703 0.7099513
0.709095 0.7093987 0.7096408 0.7095927 0.7093542
0.7095458 0.7095918 0.7088097 0.7096899 0.7091217
0.709439 0.70956 0.7099039 0.7094041 0.7091991
0.7092436 0.709068 0.7092266 0.7091803 0.7095056
0.7092309 0.7090502 0.7096482 0.70941 0.7091273
0.7091569 0.7094933 0.7093445 0.7094024 0.7096525
0.7093982 0.7095005 0.7092072 0.7096334 0.7095482
0.708858 0.7091917 0.7093993 0.7090881 0.7092795
0.7093045 0.7085115 0.7087414 0.7093413 0.7091774
0.7090648 0.7088947 0.70954 0.7092804 0.7089098
0.7093384 0.7091831 0.7091767 0.7092679 0.7093751
0.7093987 0.7086954 0.7092155 0.7092695 0.7093
0.7096285 0.7093583 0.709412 0.7100132 0.7091379
0.7090858 0.7097576 0.7089946 0.7095416 0.7091794
0.7092705 0.7091304 0.709627 0.7095081 0.7090773
0.7095495 0.7094881 0.7090083 0.7095719 0.7095629
0.7090731 0.7093172 0.7090695 0.7095879 0.7092981
0.710257 0.7090702 0.7087869 0.7093708 0.7094281
0.7089393 0.7088889 0.7092893 0.7094916 0.7092469
0.7099685 0.7090643 0.7093337 0.7093074 0.7094022
0.7096391 0.7095673 0.7095477 0.709088 0.7091685
0.7090674 0.7096621 0.7094422 0.7092867 0.7097296
0.7094009 0.7093599 0.7097771 0.7090873 0.7093029
0.7092012 0.7095073 0.7094272 0.7096311 0.7097894
0.7091605 0.7095474 0.7090239 0.7093022 0.7090107
0.709486 0.709667 0.7092669 0.7091987 0.7091238
0.7097843 0.7093482 0.7092627 0.7089799 0.7096044
0.7091079 0.7093733 0.7092468 0.7093603 0.7094238
0.7095572 0.7093652 0.7090643 0.7090232 0.7095946
0.7093002 0.7091706 0.7097201 0.709063 0.7092417
0.7094347 0.7096874 0.7094404 0.7088468 0.7094306
0.7094255 0.7092235 0.7092586 0.7091526 0.7096318
0.7085156 0.7095144 0.7095443 0.7097045 0.7096468
0.7092158 0.7089178 0.7096733 0.7092867 0.7093878
0.7094957 0.7098023 0.7091047 0.7096661 0.7091226
0.7094963 0.7090479 0.7099259 0.7092912 0.7094476
0.7093381 0.7098257 0.7097501 0.7091418 0.7093408
0.7093367 0.7089482 0.7091615 0.708522 0.7094097
0.7093226 0.7092727 0.7089625 0.7089616 0.7090745
0.7092686 0.7098975 0.7095506 0.7093999 0.7087625
0.7091241 0.7095219 0.7094112 0.7095811 0.7093826
0.7093459 0.7095186 0.7094286 0.7096694 0.7089458
0.7093029 0.7092586 0.7093245 0.7088778 0.7098809
0.7096078 0.7091459 0.7094893 0.709612 0.7096117
0.7095005 0.7094608 0.7096619 0.7092708 0.7093862
0.7095202 0.709336 0.7096312 0.7094023 0.7095185
0.7091067 0.709481 0.7092426 0.7092828 0.7098056
0.7094705 0.7092618 0.7090234 0.7089521 0.7095003
0.7090824 0.709292 0.7095619 0.7090042 0.7095948
0.7094025 0.7090596 0.709069 0.7095309 0.7093874
0.7095102 0.7090197 0.708895 0.7091627 0.7086321
0.7090015 0.7092863 0.7092031 0.7092031 0.7092985
0.7095766 0.7094244 0.7095353 0.7087404 0.7089061
0.7091345 0.7093382 0.7092395 0.7092539 0.7094295
0.7092309 0.7095252 0.7093517 0.7097226 0.7096056
0.7091773 0.7099362 0.7092327 0.7093039 0.7092186
0.7091439 0.7082991 0.7089951 0.7092977 0.7094086
0.7098067 0.7095443 0.7094893 0.7091322 0.7094649
0.7093203 0.7094912 0.7086126 0.7095512 0.7088265
0.7095442 0.7096672 0.7092634 0.709176 0.7090574
0.7091653 0.7094162 0.7096235 0.709485 0.7092358
0.7093022 0.7089489 0.7092919 0.709281 0.7088309
0.7091992 0.7092843 0.709132 0.7090686 0.7090984
0.7091673 0.70867 0.7091346 0.7092027 0.7096044
0.7092941 0.7092511 0.7092541 0.7094464 0.7093234
0.7094799 0.7093503 0.7091642 0.7091899 0.7095817
0.6957105 0.702816 0.7013045 0.7018962 0.7030064
0.705822 0.6995654 0.7047287 0.7070126 0.7031826
0.7056594 0.7062743 0.7058169 0.7039669 0.708275
0.7065819 0.7060176 0.7076148 0.7063043 0.7075567
0.7077275 0.7081613 0.7073773 0.7063794 0.7064974
0.7073189 0.7075486 0.7081694 0.7069383 0.7072778
0.7091748 0.7083201 0.7066712 0.7082433 0.7079932
0.7082836 0.7081382 0.7081578 0.7086833 0.7090829
0.7090148 0.7086889 0.70926 0.7086918 0.70985
0.7090176 0.7093633 0.7093704 0.709052 0.7094347
0.7084576 0.7092283 0.7092676 0.7094815 0.7095388
0.7093296 0.7094173 0.7095521 0.7093217 0.7092873
0.708866 0.7091775 0.7094517 0.7093561 0.7099269
0.709281 0.7090249 0.7091493 0.709297 0.7088963
0.7088704 0.7089076 0.7095406 0.7093373 0.709353
0.709037 0.7096713 0.7091531 0.7095661 0.7092342
0.7090365 0.7094292 0.7097156 0.7094807 0.7096069
0.7092932 0.7098399 0.7093716 0.7092999 0.7094948
0.7092562 0.7092073 0.7091725 0.7093788 0.7097995
0.7088944 0.7091989 0.708906 0.7095832 0.709413
0.7090988 0.7088862 0.7090034 0.7094853 0.7093618
0.7097292 0.7096365 0.7093126 0.7091732 0.7092969
0.7093968 0.7094689 0.7086916 0.70907 0.7088664
0.7095115 0.7094201 0.7092917 0.7093683 0.7094396
0.7090731 0.709227 0.7095597 0.709525 0.7092052
0.7094487 0.7096553 0.7091031 0.709067 0.709991
0.7089995 0.7092411 0.7091035 0.7092349 0.7092176
0.7091979 0.7091826 0.7091175 0.7092024 0.7095931
0.7093062 0.709238 0.7095983 0.7089218 0.7089881
0.7092719 0.7092009 0.7095107 0.7094181 0.7091049
0.7095918 0.7090464 0.7095239 0.7092251 0.7092382
0.7094573 0.7096663 0.7090261 0.7095625 0.7098505
0.7094306 0.7091739 0.7095878 0.7097664 0.7096745
0.7097615 0.7095383 0.7093491 0.7091584 0.7094677
0.7092244 0.7099035 0.7096157 0.7096458 0.7091035
0.7090247 0.709207 0.7094674 0.709812 0.7092097
0.7096831 0.7090665 0.7098236 0.7094167 0.7094495
0.7092459 0.7094127 0.7094664 0.7095958 0.7096125
0.7089392 0.7093593 0.7089081 0.709791 0.7094171
0.7092668 0.7091543 0.7093788 0.7088863 0.7095547
0.7094944 0.7091655 0.7095974 0.7098917 0.7091451
0.7093286 0.7095305 0.7097122 0.7089701 0.7095845
0.7095112 0.709321 0.7092578 0.7089585 0.7092218
0.7097464 0.7096083 0.7097098 0.7089773 0.7091252
0.7096857 0.709389 0.709265 0.7097606 0.7096401
0.7092498 0.7094135 0.7096024 0.709429 0.7091904
0.709658 0.7091898 0.709643 0.7092694 0.7098764
0.7089746 0.7090751 0.7090531 0.7094022 0.7094179
0.7093646 0.70912 0.7097841 0.7092386 0.7095277
0.7093516 0.7097532 0.7092109 0.7092261 0.7095242
0.7096498 0.7100457 0.709263 0.7089172 0.7094562
0.7093459 0.7091006 0.7095062 0.7090812 0.7093183
0.7091308 0.7093798 0.7091034 0.7092459 0.7092141
0.7100707 0.70943 0.7091822 0.7093872 0.7092465
0.7095352 0.709359 0.7092946 0.7091002 0.7089569
0.7094709 0.7092912 0.7091241 0.7091907 0.7091932
0.7089418 0.7092599 0.7094211 0.7090814 0.7089537
0.7094248 0.7095072 0.7092104 0.7098493 0.7091675
0.709753 0.7097018 0.7091806 0.7095742 0.7093085
0.7095819 0.7094414 0.7095108 0.7094811 0.7098925
0.7093427 0.7096434 0.7093032 0.7091725 0.709319
0.7093498 0.7095782 0.7093865 0.7093663 0.7090615
0.7093343 0.7096977 0.7090383 0.7087138 0.709171
0.7091736 0.7095393 0.7092771 0.7093622 0.7095527
0.7088214 0.7089888 0.7095548 0.7098903 0.7085826
0.7097905 0.7095266 0.7093499 0.7091406 0.709463
0.7100198 0.7093705 0.709216 0.7093661 0.7093371
0.7093735 0.7088516 0.7094869 0.709594 0.7097602
0.7092599 0.7094452 0.7094932 0.7097564 0.7095462
0.7093918 0.709401 0.7090821 0.7098604 0.7096292
0.7091249 0.7093799 0.709101 0.7096482 0.7092699
0.7093072 0.7096006 0.7088846 0.7096548 0.7089873
0.709006 0.7093828 0.7090005 0.7092957 0.7091567
0.7093645 0.7095423 0.7098951 0.7092076 0.7092436
0.7089134 0.7090751 0.7096812 0.7091327 0.7092215
0.7091255 0.7096044 0.7096487 0.7097009 0.7095886
0.7091351 0.7096861 0.7091617 0.7091752 0.7092187
0.7095138 0.7095805 0.7092734 0.7091972 0.7091969
0.7094619 0.708909 0.7096817 0.7089482 0.7090847
0.7101318 0.7096398 0.7090814 0.7099237 0.7094959
-1.0588 -1.059598 -1.058523 -1.059168 -1.059271
-1.059577 -1.05876 -1.059183 -1.059479 -1.059194
-1.059812 -1.058845 -1.05957 -1.058941 -1.059384
-1.059203 -1.059675 -1.059032 -1.059604 -1.059451
-1.058991 -1.059264 -1.058821 -1.059053 -1.059344
-1.059576 -1.059685 -1.058847 -1.058739 -1.059193
-1.059058 -1.059831 -1.059498 -1.059343 -1.059236
-1.05981 -1.058641 -1.058793 -1.059441 -1.059025
-1.059106 -1.059609 -1.058817 -1.058988 -1.059614
-1.058577 -1.059113 -1.059325 -1.059531 -1.05928
-1.059035 -1.059054 -1.059086 -1.059375 -1.059351
-1.059358 -1.060001 -1.058983 -1.059541 -1.060246
-1.059805 -1.058837 -1.059031 -1.05976 -1.059559
-1.059588 -1.059208 -1.059145 -1.059752 -1.060038
-1.059572 -1.059592 -1.059854 -1.058974 -1.058593
-1.059873 -1.059097 -1.058954 -1.05956 -1.059169
-1.059194 -1.059406 -1.05929 -1.059019 -1.05898
-1.059332 -1.059123 -1.059091 -1.058945 -1.059176
-1.059185 -1.059012 -1.059402 -1.059414 -1.059036
-1.059134 -1.059604 -1.059381 -1.059215 -1.058978
-1.05908 -1.059349 -1.059368 -1.059259 -1.059643
-1.059342 -1.059051 -1.059333 -1.059176 -1.059355
-1.059568 -1.058247 -1.058765 -1.058997 -1.058615
-1.058825 -1.058613 -1.059169 -1.059146 -1.059063
-1.059323 -1.059538 -1.059428 -1.059216 -1.059167
-1.058787 -1.058725 -1.0593 -1.059529 -1.059295
-1.059988 -1.059383 -1.058955 -1.060005 -1.059368
-1.058783 -1.059429 -1.059244 -1.059815 -1.058559
-1.059443 -1.059004 -1.059044 -1.059228 -1.05859
-1.059484 -1.059177 -1.05892 -1.059638 -1.059502
-1.058538 -1.05893 -1.059071 -1.059361 -1.059328
-1.06009 -1.058719 -1.058608 -1.059224 -1.059388
-1.058877 -1.059217 -1.05971 -1.059064 -1.059755
-1.059555 -1.058696 -1.058596 -1.05927 -1.059125
-1.059418 -1.059493 -1.059427 -1.05883 -1.059073
-1.058846 -1.059203 -1.059788 -1.059001 -1.059251
-1.05925 -1.059582 -1.059253 -1.059285 -1.059534
-1.058939 -1.059412 -1.059726 -1.059504 -1.059721
-1.058911 -1.059236 -1.059158 -1.058843 -1.059565
-1.059111 -1.058781 -1.059186 -1.058455 -1.059136
-1.059764 -1.059305 -1.058908 -1.058803 -1.059728
-1.059032 -1.059812 -1.059611 -1.059329 -1.059128
-1.059679 -1.05913 -1.059467 -1.059173 -1.058993
-1.059215 -1.059706 -1.059598 -1.058845 -1.058888
-1.059274 -1.059485 -1.05879 -1.058725 -1.059364
-1.059292 -1.058901 -1.059314 -1.058945 -1.059328
-1.058656 -1.059194 -1.05914 -1.059538 -1.059456
-1.059019 -1.058609 -1.060117 -1.058952 -1.058686
-1.058858 -1.059872 -1.058984 -1.059187 -1.059102
-1.05967 -1.058563 -1.05991 -1.059292 -1.059521
-1.059215 -1.060071 -1.059064 -1.059196 -1.058679
-1.05903 -1.058439 -1.058723 -1.058571 -1.059171
-1.059258 -1.059651 -1.058514 -1.058987 -1.058707
-1.059205 -1.059812 -1.059643 -1.059664 -1.058775
-1.058648 -1.058842 -1.059497 -1.059602 -1.059115
-1.059683 -1.059339 -1.059269 -1.059574 -1.059279
-1.059775 -1.059531 -1.059292 -1.058882 -1.059723
-1.058732 -1.058936 -1.059668 -1.05928 -1.059147
-1.05927 -1.059277 -1.059401 -1.059198 -1.05886
-1.059704 -1.058851 -1.05953 -1.059418 -1.059287
-1.059107 -1.058945 -1.059118 -1.059304 -1.059593
-1.059388 -1.059536 -1.059118 -1.058669 -1.059201
-1.059136 -1.059675 -1.059589 -1.059249 -1.059719
-1.059417 -1.058617 -1.059136 -1.059339 -1.059424
-1.059574 -1.059287 -1.058783 -1.058858 -1.05904
-1.058569 -1.058776 -1.059025 -1.059174 -1.059527
-1.058885 -1.059424 -1.059441 -1.058692 -1.059006
-1.058726 -1.059484 -1.059367 -1.058878 -1.058952
-1.059469 -1.059434 -1.058925 -1.059409 -1.059377
-1.059002 -1.059809 -1.059469 -1.059205 -1.059224
-1.059287 -1.058382 -1.058744 -1.059565 -1.059594
-1.059968 -1.059466 -1.059574 -1.059439 -1.059224
-1.059362 -1.059915 -1.058357 -1.059183 -1.058989
-1.059117 -1.059197 -1.059053 -1.0591 -1.058844
-1.059493 -1.059447 -1.059355 -1.06019 -1.05964
-1.059227 -1.05899 -1.058872 -1.059595 -1.059399
-1.058817 -1.058959 -1.05914 -1.05904 -1.058608
-1.059258 -1.058402 -1.059416 -1.058656 -1.059199
-1.05959 -1.059205 -1.059485 -1.059453 -1.05928
-1.058746 -1.059013 -1.059256 -1.058597 -1.059484
-1.059638 -1.070002 -1.066425 -1.065081 -1.064288
-1.063132 -1.064826 -1.065113 -1.063581 -1.062067
-1.059719 -1.062144 -1.06777 -1.060979 -1.062042
-1.064999 -1.063101 -1.062212 -1.061231 -1.060393
-1.062879 -1.061108 -1.0612 -1.06008 -1.063938
-1.061741 -1.060831 -1.062089 -1.060791 -1.059679
-1.061793 -1.060258 -1.060616 -1.059566 -1.059166
-1.059846 -1.059816 -1.060698 -1.060711 -1.060037
-1.060098 -1.059399 -1.060441 -1.060576 -1.060076
-1.060107 -1.060091 -1.059503 -1.060236 -1.060402
-1.059135 -1.059917 -1.05992 -1.059789 -1.059913
-1.059389 -1.059839 -1.059431 -1.059259 -1.059462
-1.059329 -1.059703 -1.058869 -1.060266 -1.059959
-1.059191 -1.059607 -1.059867 -1.059724 -1.059176
-1.058641 -1.059154 -1.05958 -1.059319 -1.059116
-1.059166 -1.059098 -1.059435 -1.05954 -1.058525
-1.059167 -1.059325 -1.059454 -1.05973 -1.059194
-1.059361 -1.059488 -1.059046 -1.059299 -1.059451
-1.059213 -1.059422 -1.059917 -1.059627 -1.059529
-1.059031 -1.059022 -1.059175 -1.059916 -1.059316
-1.05881 -1.058333 -1.059577 -1.059036 -1.059858
-1.059943 -1.05945 -1.059413 -1.058406 -1.059555
-1.058618 -1.059239 -1.058523 -1.058699 -1.059361
-1.059379 -1.060067 -1.059115 -1.059579 -1.059151
-1.059006 -1.05959 -1.059177 -1.059731 -1.058656
-1.059412 -1.059485 -1.058228 -1.058932 -1.060092
-1.058941 -1.059156 -1.058978 -1.058988 -1.058839
-1.058978 -1.059433 -1.058881 -1.058816 -1.059208
-1.059213 -1.059489 -1.059673 -1.059079 -1.058966
-1.059645 -1.059013 -1.059398 -1.059326 -1.059379
-1.059628 -1.058875 -1.059731 -1.059175 -1.059364
-1.058936 -1.05957 -1.058772 -1.059786 -1.059328
-1.059449 -1.058913 -1.059722 -1.059251 -1.059647
-1.059518 -1.059963 -1.059608 -1.059118 -1.059588
-1.059083 -1.059813 -1.059635 -1.059725 -1.059035
-1.059532 -1.059658 -1.05942 -1.059622 -1.058756
-1.059348 -1.058831 -1.059085 -1.059 -1.059384
-1.059269 -1.05916 -1.059045 -1.058723 -1.059845
-1.058902 -1.058916 -1.059002 -1.05956 -1.059336
-1.059132 -1.058648 -1.059798 -1.058767 -1.059559
-1.059429 -1.059321 -1.059539 -1.059779 -1.059166
-1.058747 -1.059419 -1.059353 -1.058883 -1.059426
-1.058775 -1.058601 -1.059295 -1.059017 -1.059618
-1.059605 -1.059457 -1.059944 -1.059074 -1.058921
-1.060015 -1.058818 -1.05912 -1.05917 -1.059349
-1.059411 -1.059339 -1.0588 -1.059157 -1.058849
-1.059863 -1.058752 -1.059646 -1.059638 -1.059857
-1.05919 -1.059132 -1.059053 -1.058743 -1.059258
-1.059498 -1.05871 -1.059703 -1.059278 -1.058772
-1.058999 -1.059065 -1.059083 -1.059216 -1.05945
-1.059684 -1.059652 -1.059324 -1.058956 -1.059695
-1.059245 -1.058895 -1.059015 -1.059055 -1.059786
-1.059019 -1.059412 -1.059497 -1.059241 -1.059356
-1.060279 -1.059565 -1.059312 -1.059105 -1.059036
-1.059027 -1.059408 -1.059037 -1.05909 -1.059358
-1.059006 -1.059392 -1.059684 -1.059631 -1.058271
-1.0584 -1.059286 -1.059006 -1.059672 -1.058862
-1.058923 -1.059247 -1.058992 -1.059162 -1.058884
-1.059786 -1.059995 -1.058914 -1.05989 -1.059366
-1.059597 -1.0594 -1.059897 -1.059999 -1.059672
-1.058956 -1.059424 -1.059376 -1.058642 -1.058877
-1.059064 -1.059778 -1.058831 -1.059877 -1.059176
-1.059339 -1.059131 -1.058997 -1.058763 -1.059009
-1.059236 -1.059679 -1.059415 -1.058857 -1.059485
-1.05877 -1.058406 -1.059435 -1.059795 -1.059043
-1.058744 -1.059261 -1.059568 -1.059029 -1.059039
-1.059979 -1.059508 -1.058939 -1.05929 -1.059085
-1.059152 -1.05916 -1.060122 -1.05931 -1.059394
-1.05946 -1.059673 -1.059151 -1.060127 -1.059422
-1.059278 -1.059539 -1.058737 -1.060095 -1.059629
-1.058701 -1.059076 -1.059357 -1.059949 -1.058773
-1.059319 -1.059203 -1.059343 -1.059678 -1.058317
-1.059615 -1.059251 -1.059021 -1.059365 -1.059089
-1.05941 -1.059322 -1.05986 -1.05857 -1.059519
-1.058927 -1.059418 -1.059092 -1.059378 -1.05944
-1.059538 -1.059873 -1.059275 -1.059351 -1.059496
-1.059284 -1.059393 -1.059038 -1.059161 -1.059374
-1.059019 -1.058944 -1.059001 -1.059536 -1.058589
-1.059041 -1.059273 -1.05942 -1.05886 -1.058903
-1.059765 -1.05952 -1.0587 -1.060035 -1.059835
0.454504 0.4554208 0.4547552 0.4556303 0.4561823
0.45502 0.4552043 0.4551639 0.4553646 0.4549621
0.4565038 0.4538914 0.4537691 0.4548072 0.4549891
0.4545618 0.4559463 0.4548675 0.4555789 0.4543885
0.4545065 0.4554161 0.4536158 0.4531707 0.455874
0.4549418 0.4545 0.4547513 0.4552397 0.454272
0.4557825 0.4551671 0.4553535 0.4544841 0.4539725
0.4549367 0.4558848 0.4539715 0.4554808 0.4546706
0.455823 0.4543744 0.45498 0.454477 0.4566156
0.4547463 0.4550194 0.4543189 0.4546518 0.4550071
0.454563 0.4542807 0.4551558 0.4547138 0.4547074
0.4556876 0.4545322 0.455501 0.454748 0.4551249
0.4551928 0.4557102 0.4544934 0.4541409 0.4554669
0.4556389 0.4560338 0.4554301 0.4539015 0.4525304
0.4537491 0.4549399 0.456082 0.4551229 0.4551504
0.4534718 0.453848 0.4558062 0.4552789 0.4548766
0.4551217 0.4551447 0.4551621 0.4555114 0.4545327
0.4555038 0.4544456 0.4548034 0.4547514 0.4538795
0.4554272 0.4554145 0.4556693 0.4545756 0.4544673
0.45388 0.4548509 0.4555827 0.4557414 0.4556569
0.4555892 0.4565341 0.4548613 0.4554323 0.4561901
0.4549543 0.4558938 0.4547304 0.4555614 0.4552813
0.4551586 0.4549569 0.4557905 0.4552701 0.4552108
0.4546509 0.4549342 0.4558924 0.4548337 0.4546789
0.4568854 0.4559059 0.4551702 0.4534876 0.4546147
0.4550971 0.455307 0.4556906 0.4539936 0.4552506
0.4552116 0.4561501 0.4540632 0.4549399 0.4547414
0.454351 0.4549719 0.454746 0.4550198 0.4551171
0.4551338 0.4558584 0.454759 0.455627 0.454864
0.4539723 0.4555484 0.4546637 0.454128 0.454988
0.4538965 0.4540938 0.4554141 0.4555524 0.4536924
0.4545458 0.4544601 0.4543286 0.4554812 0.4524343
0.4561877 0.4548462 0.4555479 0.4550143 0.4555992
0.4543455 0.4540925 0.4545985 0.4551773 0.4545424
0.454254 0.4563062 0.4559485 0.4542193 0.4542075
0.4542836 0.4535865 0.4537335 0.4547637 0.4533596
0.4538739 0.45621 0.4546825 0.4558098 0.4547008
0.4541649 0.4547242 0.455112 0.4545134 0.4544784
0.4543872 0.455854 0.4558349 0.4547591 0.4544796
0.4543658 0.4542171 0.454747 0.4557239 0.4536313
0.4545008 0.454319 0.4548199 0.4553565 0.4553777
0.4562765 0.4546901 0.4549973 0.4546365 0.4548222
0.4563281 0.4545262 0.4556992 0.4544591 0.4551032
0.4530374 0.4555119 0.4557931 0.4541525 0.4548005
0.4551643 0.4544959 0.4549186 0.4550365 0.4554084
0.4569795 0.4549981 0.4545217 0.4549734 0.4537798
0.4546787 0.4547418 0.4543096 0.4555479 0.4555738
0.4548848 0.4538578 0.4548246 0.4543144 0.4553478
0.4552011 0.4551382 0.4542752 0.4546758 0.454998
0.4558962 0.4550696 0.4537599 0.4561212 0.4554905
0.4558456 0.4544628 0.4546143 0.4563116 0.4557907
0.4547504 0.4548692 0.4553787 0.4547713 0.4550228
0.4542722 0.456905 0.4559834 0.455289 0.4550183
0.4553276 0.4541133 0.4543083 0.4544498 0.4542122
0.4545734 0.4548448 0.4562829 0.4555418 0.4551462
0.4540133 0.4550441 0.4526497 0.4537504 0.4557796
0.4556887 0.4560142 0.4537114 0.454874 0.4550266
0.4546967 0.4541797 0.4559464 0.4564541 0.4553226
0.4550621 0.4558068 0.4555394 0.4544379 0.4549884
0.4558127 0.453258 0.4545874 0.4546709 0.454702
0.4542757 0.4537213 0.4545934 0.4533656 0.4539956
0.4559438 0.4535106 0.4562589 0.4548434 0.4554029
0.4550996 0.455534 0.4538327 0.4549839 0.4566528
0.4544939 0.4554672 0.4540626 0.4556563 0.4543401
0.454445 0.4546885 0.4552466 0.4551808 0.455011
0.4538922 0.4565584 0.455255 0.4540448 0.4543531
0.4554671 0.4558049 0.4552265 0.4541719 0.4546188
0.4554779 0.4564025 0.4541858 0.4538683 0.4544758
0.454984 0.455846 0.4560647 0.4551978 0.4554114
0.455752 0.4536626 0.4552751 0.4550455 0.457
0.4546998 0.4547869 0.4534554 0.4551324 0.454536
0.4534317 0.4548678 0.4542069 0.4570862 0.4544669
0.456 0.4548605 0.4558014 0.4546296 0.4556324
0.4548296 0.4539084 0.4546932 0.4561187 0.454908
0.4543204 0.4556035 0.4554883 0.4543739 0.455304
0.4540804 0.455606 0.454382 0.4564435 0.4555107
0.4542372 0.4549316 0.455857 0.455658 0.4557604
0.4561506 0.4550013 0.4541681 0.4553325 0.4534677
0.4545227 0.4559865 0.4539912 0.4539406 0.4552499
0.4558509 0.455214 0.4560532 0.4544453 0.4552803
0.483852 0.4812849 0.4762649 0.4765544 0.4752344
0.4759081 0.469958 0.468447 0.4725629 0.4685399
0.4728129 0.465173 0.4547189 0.4590308 0.4620526
0.4587743 0.4570538 0.4568304 0.4605716 0.4614037
0.4601572 0.4611107 0.4570742 0.4588434 0.4590381
0.4597954 0.4599144 0.4580258 0.4576452 0.4602376
0.4571693 0.4585274 0.4560156 0.4577596 0.4577186
0.4577162 0.4565564 0.4576947 0.4591154 0.456527
0.456013 0.4577422 0.4576201 0.4558749 0.4578742
0.4555535 0.4564977 0.4573173 0.4560054 0.4555625
0.4545761 0.4565592 0.4562621 0.4557137 0.4543279
0.455456 0.4555737 0.4557004 0.4568981 0.4550491
0.4566422 0.4560635 0.4548108 0.4553711 0.4564466
0.4554871 0.4533281 0.4547418 0.4550792 0.4564838
0.4553023 0.455126 0.4551993 0.4545853 0.454582
0.4561157 0.4550369 0.4554391 0.4553586 0.4546148
0.4540046 0.4538262 0.4550958 0.4545624 0.4561066
0.4535178 0.4548804 0.4544301 0.453509 0.4553995
0.4562982 0.4547533 0.4548134 0.4551231 0.4551254
0.4547361 0.4558685 0.4543101 0.4547751 0.4544587
0.4528153 0.4550628 0.4553421 0.4551014 0.4545078
0.4553182 0.4537704 0.4550171 0.4550496 0.4551285
0.4538258 0.4558248 0.4545046 0.4556168 0.4561253
0.4553169 0.4564256 0.4550475 0.4539111 0.4555356
0.4540713 0.4553505 0.454566 0.4544534 0.4551832
0.4543227 0.4542233 0.4550472 0.4550925 0.4556041
0.4553752 0.4545904 0.454 0.4554673 0.4552776
0.4563922 0.4553771 0.455504 0.4550689 0.4533949
0.4551429 0.4551235 0.4542812 0.456156 0.4559488
0.4538657 0.4550939 0.4561587 0.4546261 0.4538241
0.454991 0.4545305 0.454655 0.4559139 0.4535418
0.4551503 0.454587 0.4548988 0.4545735 0.4557957
0.4565839 0.4554692 0.4538931 0.454659 0.4551262
0.4544666 0.4548759 0.4552073 0.4552512 0.4538665
0.455124 0.4542704 0.4554169 0.4537584 0.4545736
0.4562084 0.4544252 0.4539423 0.4555279 0.4545456
0.4553343 0.4557868 0.4537656 0.4544804 0.4542773
0.4542612 0.4545739 0.4538221 0.45493 0.4541028
0.4551289 0.4547885 0.4551081 0.4539604 0.4546127
0.4547452 0.4543385 0.4549111 0.4530731 0.4553917
0.454873 0.4538529 0.4558635 0.4555014 0.455046
0.4555741 0.4538735 0.4555397 0.4551051 0.4543482
0.4554959 0.4548859 0.45488 0.4557517 0.4547817
0.4552052 0.4545482 0.4545432 0.4544104 0.4556926
0.4561066 0.4547199 0.4558319 0.4556303 0.4550838
0.4557177 0.4545643 0.455229 0.454788 0.4554446
0.4552505 0.4550201 0.4550468 0.4569324 0.4534731
0.4552853 0.45583 0.4553004 0.4543318 0.4554356
0.4557979 0.4538978 0.4556079 0.4551352 0.455321
0.4543936 0.4560442 0.4548504 0.4554752 0.4549149
0.4552499 0.4546252 0.4556667 0.4560014 0.4542706
0.4547139 0.4552022 0.4544888 0.4549677 0.4560515
0.4539687 0.4550725 0.4547634 0.4557605 0.4542163
0.454464 0.4568489 0.4563768 0.4541531 0.4570839
0.4553405 0.454254 0.4548003 0.455252 0.4556475
0.4548807 0.4558672 0.455178 0.4549198 0.4551417
0.4550781 0.4558746 0.4542597 0.455565 0.454715
0.4534505 0.4567203 0.4560263 0.4537723 0.4545513
0.4558269 0.4548492 0.4539763 0.4555595 0.4542654
0.4554457 0.4529479 0.4551791 0.4530546 0.4558716
0.4547021 0.4552219 0.4541822 0.4549263 0.4546423
0.4531667 0.4568991 0.4540423 0.4549293 0.4554816
0.4546737 0.4563967 0.4532428 0.4544265 0.4531129
0.4560701 0.4561747 0.4559647 0.4542774 0.4547945
0.4542511 0.4547491 0.4558941 0.4564622 0.4555743
0.4553684 0.455269 0.454555 0.4547232 0.4550606
0.4540194 0.4551565 0.4538841 0.4558525 0.45389
0.4559539 0.4549553 0.4555483 0.4545931 0.4553613
0.4553176 0.4552912 0.4549868 0.454226 0.4540451
0.4552741 0.4555206 0.4549237 0.4543535 0.4538997
0.4548208 0.4553494 0.4547042 0.4541888 0.4546254
0.4541767 0.4551126 0.4537143 0.4557223 0.4549646
0.4560938 0.4553847 0.4546135 0.4549789 0.4560753
0.4548178 0.4550804 0.4540072 0.4549195 0.4542827
0.45519 0.4546892 0.4556499 0.4548245 0.4549675
0.4550502 0.4555733 0.4563574 0.4531355 0.4545958
0.4550856 0.4553248 0.4560881 0.4538504 0.4539181
0.454683 0.4552172 0.4538592 0.4550002 0.4539202
0.4547378 0.454397 0.4554439 0.4552291 0.4550435
0.4545556 0.4544438 0.4537115 0.4551917 0.4554265
