-0.1355086 -0.1355246 -0.1354958 -0.13549 -0.1354991
-0.1355108 -0.1355039 -0.1354995 -0.1354852 -0.1354892
-0.1354973 -0.1354739 -0.1354683 -0.1354706 -0.1354828
-0.135498 -0.1355031 -0.1354874 -0.1354813 -0.135489
-0.1355069 -0.1355273 -0.1355185 -0.1355515 -0.1355344
-0.1355204 -0.1355289 -0.1355336 -0.1355616 -0.1355704
-0.1355792 -0.1356151 -0.1356125 -0.13561 -0.1355988
-0.1356001 -0.1355771 -0.1355742 -0.1355722 -0.1355227
-0.1355247 -0.1355359 -0.1355357 -0.1355427 -0.1355297
-0.1355304 -0.1355454 -0.135584 -0.1355605 -0.1355291
-0.1355313 -0.1355264 -0.1354957 -0.1354858 -0.1354678
-0.1355049 -0.135502 -0.1355072 -0.135534 -0.1355397
-0.1355301 -0.1355328 -0.1355013 -0.1355128 -0.1355042
-0.1355145 -0.1355122 -0.1355283 -0.1355408 -0.1355295
-0.1355035 -0.1354785 -0.135483 -0.1354752 -0.1354663
-0.1354538 -0.1354578 -0.1354525 -0.1354613 -0.1354183
-0.1354322 -0.1354245 -0.1354295 -0.135393 -0.1353897
-0.1353774 -0.1353758 -0.1353742 -0.1353463 -0.1353227
-0.135332 -0.1353365 -0.1353823 -0.135368 -0.1353334
-0.1353441 -0.1353473 -0.1353449 -0.1353331 -0.1353468
-0.1353197 -0.135331 -0.1353238 -0.135307 -0.1352807
-0.1352945 -0.135261 -0.1352469 -0.1352499 -0.1352239
-0.1352282 -0.1352528 -0.1352637 -0.1352984 -0.1352942
-0.1352776 -0.1352433 -0.1352429 -0.1352197 -0.1352282
-0.1352153 -0.1351988 -0.1351897 -0.1351632 -0.1351897
-0.1351692 -0.1351516 -0.1351463 -0.1351158 -0.1351202
-0.1351402 -0.1351364 -0.1351423 -0.135137 -0.1351401
-0.1351231 -0.1351177 -0.1351046 -0.1350986 -0.1350738
-0.1350949 -0.1350925 -0.1350884 -0.1350948 -0.135114
-0.1351047 -0.1351227 -0.1351058 -0.1351368 -0.135155
-0.1351424 -0.1351135 -0.1350803 -0.1350805 -0.1350787
-0.1350897 -0.1350957 -0.1351088 -0.1351253 -0.1351244
-0.135098 -0.1351102 -0.1351104 -0.135106 -0.1350918
-0.1351089 -0.1350928 -0.1350931 -0.1351029 -0.1351148
-0.1351169 -0.1351156 -0.1351196 -0.1351347 -0.1351115
-0.1351007 -0.1351088 -0.1351138 -0.1350912 -0.1351058
-0.1351 -0.1350743 -0.1350624 -0.1350585 -0.1350274
-0.1350228 -0.1350006 -0.1350019 -0.1349822 -0.1349749
-0.1349963 -0.1350146 -0.1350088 -0.1349942 -0.135011
-0.1350203 -0.1350218 -0.1350407 -0.1350118 -0.1350171
-0.05775803 -0.0577495 -0.05773839 -0.05773054 -0.05772938
-0.05773452 -0.05771066 -0.05767297 -0.0576677 -0.05769058
-0.05769538 -0.05769799 -0.05770295 -0.05774396 -0.05777331
-0.05775955 -0.05776151 -0.05775361 -0.05774302 -0.05773128
-0.05773857 -0.05776049 -0.05778897 -0.05779571 -0.05779894
-0.05777893 -0.05775754 -0.05775688 -0.05774221 -0.05777944
-0.05776236 -0.05775526 -0.05776269 -0.05776447 -0.05774831
-0.0577558 -0.05774171 -0.0577363 -0.05772408 -0.05771078
-0.05770996 -0.05766411 -0.05766412 -0.05764011 -0.05763219
-0.05761283 -0.05762123 -0.05758938 -0.05758483 -0.05760757
-0.05760527 -0.05764796 -0.05764316 -0.05766152 -0.05768598
-0.05766279 -0.0576637 -0.05766468 -0.05765925 -0.05767745
-0.05770596 -0.05772316 -0.05771494 -0.05771341 -0.05770205
-0.05772161 -0.05771458 -0.05774331 -0.0577332 -0.05774689
-0.05772431 -0.05771713 -0.0577264 -0.05768474 -0.05767894
-0.05766663 -0.05762304 -0.05763725 -0.05763849 -0.05764461
-0.05767144 -0.05768475 -0.05765689 -0.05763237 -0.05761946
-0.05758846 -0.05759679 -0.05758764 -0.05758019 -0.05756671
-0.05753577 -0.05751133 -0.05750532 -0.05753441 -0.05752264
-0.05749687 -0.05748936 -0.05746829 -0.05746066 -0.05746935
-0.05746718 -0.05741045 -0.05741268 -0.05742646 -0.05739456
-0.057388 -0.05739577 -0.05739181 -0.05739055 -0.05736389
-0.05738645 -0.05738581 -0.0573786 -0.05736915 -0.0573698
-0.05733836 -0.05734029 -0.05731745 -0.05734923 -0.05733724
-0.0573445 -0.05733071 -0.05731102 -0.05731376 -0.0573322
-0.05733078 -0.05730426 -0.05729813 -0.05730313 -0.05732778
-0.05733491 -0.05733572 -0.05736338 -0.0573706 -0.05737411
-0.057398 -0.05738124 -0.05739939 -0.05740877 -0.05743624
-0.05741392 -0.05739852 -0.05739907 -0.05738562 -0.05737588
-0.05737955 -0.05736925 -0.05738979 -0.05740347 -0.05736742
-0.0573475 -0.05732831 -0.05735348 -0.05735004 -0.05735094
-0.05736635 -0.05739763 -0.05743166 -0.05742303 -0.05743952
-0.0574281 -0.05740124 -0.0574101 -0.05740524 -0.05741074
-0.05743149 -0.05743912 -0.05742695 -0.0574157 -0.05741294
-0.05742776 -0.05742012 -0.05740823 -0.05739012 -0.05738967
-0.05739681 -0.05736553 -0.05736472 -0.05739421 -0.05738557
-0.05738077 -0.05737227 -0.05739537 -0.05739341 -0.05741421
-0.05741437 -0.05741473 -0.05740819 -0.05741534 -0.05741245
-0.05742252 -0.05739833 -0.05739254 -0.05741489 -0.05741491
-0.05740939 -0.05745799 -0.05746408 -0.05744402 -0.05743569
-0.06002686 -0.06004161 -0.06006073 -0.06005268 -0.06005466
-0.0600493 -0.06006774 -0.06005608 -0.06006365 -0.06009822
-0.06008109 -0.06005655 -0.06005127 -0.06001715 -0.05999697
-0.06000572 -0.05999182 -0.0599801 -0.05997995 -0.05998987
-0.05999106 -0.06000567 -0.05999159 -0.05996618 -0.05996499
-0.05996425 -0.05994879 -0.05993208 -0.05995593 -0.06000174
-0.05998804 -0.06001472 -0.06000564 -0.06000947 -0.06000278
-0.05999527 -0.06000301 -0.06003411 -0.06003643 -0.05998725
-0.05995453 -0.05995681 -0.05996246 -0.05996253 -0.059972
-0.060033 -0.06002666 -0.06002714 -0.06005203 -0.06002361
-0.06001048 -0.0600021 -0.0599902 -0.05999521 -0.05999865
-0.06000519 -0.06001992 -0.06001731 -0.06002588 -0.06001526
-0.05998775 -0.05996249 -0.05996273 -0.05992542 -0.05991432
-0.05988442 -0.0598838 -0.05988305 -0.05987491 -0.05983833
-0.05978909 -0.05980054 -0.05982539 -0.05984895 -0.05984118
-0.05985254 -0.05985139 -0.05982258 -0.05982194 -0.05977043
-0.05975897 -0.05974084 -0.05975342 -0.05977281 -0.05974278
-0.05974451 -0.05974311 -0.05972583 -0.05971436 -0.05971431
-0.05971762 -0.05968539 -0.05966644 -0.05963318 -0.05964728
-0.05965893 -0.05964445 -0.0596289 -0.05963434 -0.05961345
-0.0596077 -0.05961492 -0.05962195 -0.05962921 -0.05960313
-0.05960162 -0.05959484 -0.05956877 -0.0595736 -0.05958823
-0.05959759 -0.05959061 -0.05956569 -0.05955979 -0.05956579
-0.05958884 -0.05957843 -0.05956926 -0.05959898 -0.0596055
-0.05960984 -0.05958904 -0.05960399 -0.05960457 -0.05959742
-0.05960612 -0.05961399 -0.05960365 -0.05954557 -0.05952835
-0.05952573 -0.05954729 -0.05956289 -0.05956235 -0.05956831
-0.05957082 -0.05958248 -0.0595893 -0.05956949 -0.0595755
-0.05957778 -0.05957786 -0.05955225 -0.05955526 -0.05954917
-0.05954197 -0.05954743 -0.05955229 -0.05956707 -0.05955149
-0.05955294 -0.05955264 -0.05957439 -0.05959645 -0.05958622
-0.05958964 -0.05959625 -0.05960737 -0.05961679 -0.05961253
-0.0596204 -0.05962005 -0.05961693 -0.05963105 -0.05964125
-0.05963088 -0.05965748 -0.05966338 -0.05968902 -0.05967014
-0.05968726 -0.05967874 -0.0596688 -0.05969015 -0.05969673
-0.05969444 -0.05968021 -0.05968748 -0.05968262 -0.05969881
-0.0596771 -0.0596749 -0.05967805 -0.0596723 -0.05969063
-0.05967886 -0.05965011 -0.05964664 -0.05965673 -0.05966821
-0.059691 -0.05967511 -0.05966158 -0.05968128 -0.0596704
-0.05964484 -0.05966578 -0.05964611 -0.0596346 -0.05963468
0.1930199 0.1930044 0.1929856 0.1929902 0.1929623
0.192955 0.1929403 0.1929527 0.1929628 0.1929599
0.1929502 0.192936 0.1929386 0.1929323 0.1929388
0.1929104 0.1929091 0.1929203 0.1929626 0.1929498
0.1929582 0.1929411 0.1929551 0.1929422 0.1929462
0.1929517 0.1929493 0.1929631 0.1929777 0.1929883
0.1929965 0.1929786 0.1929875 0.1929774 0.1929739
0.1929972 0.1929895 0.1930007 0.1930108 0.1930203
0.193039 0.192992 0.1930156 0.1929781 0.1929813
0.1929655 0.1929577 0.1929617 0.1929628 0.1929891
0.1929681 0.1929672 0.1929375 0.1929559 0.1929445
0.192957 0.1929292 0.1929118 0.1929582 0.1929584
0.1929729 0.1929594 0.192957 0.1929702 0.1929753
0.1929751 0.1929712 0.1930084 0.1930338 0.1930469
0.193052 0.1930427 0.1930529 0.1930534 0.1930653
0.1931034 0.1930976 0.1931107 0.1931244 0.193121
0.1931381 0.1931669 0.1931459 0.193155 0.1931734
0.1932015 0.1931984 0.1932133 0.1931943 0.1932022
0.1931798 0.1931971 0.1932143 0.1932362 0.1932418
0.1932304 0.1932306 0.1932456 0.1932752 0.1932648
0.1932421 0.193259 0.1932263 0.1932445 0.1932223
0.1932168 0.1932282 0.1932111 0.1932115 0.1931873
0.1932061 0.1931886 0.1931704 0.1931481 0.1931805
0.1931603 0.1931682 0.1932022 0.1931954 0.1932247
0.1932531 0.19325 0.1932262 0.193237 0.1932205
0.1932445 0.1932201 0.1932286 0.1932366 0.1932387
0.1932378 0.1932408 0.1932224 0.1932354 0.1932403
0.1932544 0.1932486 0.1932421 0.1932648 0.1932533
0.1932543 0.193239 0.1932421 0.1932297 0.1932243
0.1931952 0.1932287 0.1932274 0.1932201 0.1932029
0.1932119 0.1931952 0.1931999 0.1932209 0.1932213
0.1932142 0.1932122 0.1932325 0.1932385 0.1932453
0.1932489 0.19325 0.1932477 0.1932364 0.1932418
0.1932485 0.1932408 0.1932355 0.1932501 0.1932325
0.1932401 0.1932407 0.1932223 0.1932277 0.1932185
0.1932223 0.1932418 0.1932427 0.1932463 0.1932409
0.1932344 0.1932307 0.1932197 0.1932168 0.1932531
0.1932904 0.1932636 0.1932529 0.1932439 0.1932593
0.1932341 0.1932352 0.1932364 0.1932262 0.1931987
0.1932198 0.1932303 0.1932217 0.1932086 0.1932027
0.4052219 0.4052198 0.405176 0.405154 0.4051576
0.4051616 0.4051484 0.4051415 0.4051281 0.4051624
0.4051504 0.4051241 0.4051106 0.4050818 0.4050789
0.405091 0.4050499 0.4050524 0.4050551 0.4050644
0.4050764 0.4050809 0.4050787 0.4050884 0.4050757
0.4050625 0.4050645 0.4050846 0.4051117 0.4050887
0.4051081 0.4051361 0.405137 0.405141 0.4051219
0.40509 0.4050858 0.4050645 0.4050654 0.4050263
0.4050088 0.4050333 0.4050162 0.4049991 0.4049896
0.4050076 0.4050285 0.4050343 0.4050039 0.4049803
0.4049922 0.4049824 0.4049584 0.4049415 0.4049234
0.404926 0.4049569 0.4049741 0.4049624 0.4049723
0.4049579 0.4049687 0.404919 0.4049016 0.4048996
0.4049286 0.4049052 0.4049228 0.4049404 0.4049573
0.4049239 0.4049023 0.4049176 0.404901 0.4048843
0.4048635 0.4048945 0.4048624 0.4048509 0.4048315
0.4048534 0.4048273 0.4048172 0.4047992 0.4047741
0.404775 0.4047686 0.4047368 0.4047317 0.4047118
0.4047085 0.4047066 0.4047564 0.4047665 0.4047477
0.4047545 0.4047234 0.4047215 0.4047151 0.404682
0.4046698 0.4046831 0.4046754 0.4046484 0.404625
0.404634 0.4046316 0.4046363 0.4046566 0.4046459
0.4046631 0.4046913 0.4046936 0.4046955 0.4046521
0.4046374 0.4045947 0.4045887 0.4045715 0.4045753
0.4045514 0.4045661 0.4045441 0.4045343 0.4045644
0.4045462 0.4045305 0.4045322 0.4045095 0.4045249
0.4045311 0.4045384 0.4045423 0.4045388 0.4045547
0.4044954 0.404473 0.4044637 0.4044784 0.4044727
0.4044795 0.4044958 0.4045236 0.4045242 0.4045153
0.4045071 0.4045081 0.404479 0.4045132 0.4045266
0.4045025 0.404518 0.4045077 0.404509 0.4044784
0.4045043 0.4045111 0.4045219 0.4045215 0.4045358
0.4045134 0.4045206 0.4044807 0.4044904 0.4044717
0.4044732 0.4044701 0.4044884 0.4045205 0.4045135
0.4045186 0.4045216 0.4045113 0.4045112 0.4044924
0.4044935 0.4044696 0.4044704 0.4044439 0.4044651
0.4044635 0.4044644 0.4044652 0.4044772 0.4044729
0.4044867 0.4044488 0.4044572 0.404457 0.4044609
0.4044616 0.4044716 0.404484 0.4044623 0.4044561
0.4044666 0.4044744 0.4044706 0.4044698 0.4044769
0.3836593 0.3836568 0.3836411 0.3836353 0.383635
0.3836384 0.3836298 0.3835884 0.383571 0.3835829
0.3835656 0.3835512 0.3835518 0.3835808 0.3835924
0.3835754 0.3835978 0.38359 0.3835872 0.3835829
0.3835946 0.383601 0.3836043 0.3836221 0.3836253
0.3836066 0.383585 0.3835871 0.3835846 0.3836102
0.3836074 0.3836095 0.383607 0.383628 0.3836163
0.3836403 0.3836438 0.3836198 0.383593 0.3835862
0.3835893 0.3835531 0.3835336 0.3835177 0.3835136
0.3834841 0.3835172 0.3835045 0.3835289 0.3835095
0.3835159 0.3835648 0.3835678 0.3835663 0.3836101
0.3836213 0.3836133 0.3836166 0.3836111 0.3836484
0.3836822 0.383705 0.383714 0.3837037 0.3837011
0.3837105 0.3836938 0.3837039 0.3837001 0.3837086
0.3837041 0.383701 0.3837026 0.3836716 0.3836847
0.3836605 0.3836061 0.3836138 0.3835892 0.3835903
0.3836145 0.3836221 0.383618 0.383633 0.3836266
0.3836244 0.3836552 0.383643 0.3836599 0.3836497
0.3836251 0.3835966 0.3835708 0.3835719 0.3835868
0.3835638 0.3835621 0.3835897 0.3835789 0.3835877
0.3835885 0.3835157 0.3835296 0.3835467 0.3835349
0.3835135 0.3835063 0.3835249 0.3834892 0.3834745
0.3834998 0.3835091 0.3834963 0.3834836 0.3834695
0.3834679 0.3834612 0.3834516 0.3834352 0.383427
0.3834157 0.383389 0.3833867 0.3833673 0.3833643
0.3833645 0.3833286 0.3833128 0.3833007 0.383295
0.3833194 0.3833307 0.3833815 0.3833743 0.3833937
0.3834275 0.3834034 0.3834159 0.3834234 0.3834331
0.3834177 0.3834248 0.3834014 0.3833955 0.3834005
0.3833886 0.3833667 0.383377 0.3833796 0.3833396
0.3833222 0.3832945 0.383312 0.3833021 0.383316
0.3833244 0.3833483 0.3834057 0.3833903 0.3833675
0.3833837 0.3833748 0.3834009 0.3833912 0.3833855
0.3833815 0.3833956 0.3834142 0.3833921 0.3833903
0.3833928 0.3833838 0.3833627 0.3833436 0.3833596
0.3833678 0.3833475 0.3833453 0.3833344 0.3833265
0.3833107 0.3833287 0.383327 0.3833495 0.3833699
0.3833604 0.3834007 0.3834264 0.3834237 0.3834334
0.383457 0.383453 0.3834353 0.3834493 0.3834546
0.383449 0.3834786 0.3834339 0.3834167 0.3834071
0.387724 0.387738 0.3877389 0.3878015 0.3877611
0.3877494 0.3877673 0.3877688 0.3877857 0.3877981
0.387788 0.3877666 0.3877603 0.3877784 0.38774
0.3877424 0.3877366 0.3877286 0.3877346 0.3877535
0.3877679 0.387771 0.3877902 0.3877694 0.3877823
0.387775 0.3877674 0.3877511 0.3877629 0.3877886
0.387788 0.3878139 0.3877961 0.3877806 0.3877932
0.3877916 0.387793 0.3878153 0.3877802 0.3877373
0.3877296 0.3877429 0.387746 0.3877333 0.3877295
0.3877613 0.3877774 0.3877954 0.387793 0.3877803
0.3877637 0.3877703 0.3877598 0.3877409 0.3877508
0.3877513 0.3877686 0.387755 0.3877498 0.3877663
0.3877682 0.3877659 0.3877478 0.3877274 0.3877161
0.3876852 0.387665 0.3876632 0.3876847 0.3876708
0.3876238 0.3876094 0.3875956 0.3876302 0.3876133
0.3876392 0.3876399 0.3876302 0.3876429 0.3876216
0.3876205 0.3875979 0.3875999 0.3876178 0.3876252
0.387626 0.3876194 0.3876174 0.3876009 0.387611
0.3876009 0.387568 0.3875617 0.3875763 0.3875671
0.3875709 0.3875609 0.3875765 0.3875921 0.3875873
0.3875929 0.3875861 0.3876 0.3876044 0.3875906
0.387585 0.3875771 0.3875567 0.3876036 0.3876017
0.387615 0.3876145 0.3875919 0.3875948 0.387592
0.3875875 0.387597 0.3876235 0.3876429 0.3876433
0.3876453 0.3876365 0.3876404 0.3876258 0.3876242
0.387644 0.3876512 0.3876624 0.3876393 0.3876239
0.3876304 0.3876445 0.3876701 0.3876471 0.3876442
0.3876462 0.3876484 0.3876716 0.3876653 0.387669
0.3876712 0.387655 0.3876383 0.3876282 0.3876321
0.3876241 0.3876288 0.3876155 0.3876151 0.3875914
0.3875821 0.3875661 0.3875789 0.3875909 0.3875979
0.3875927 0.3876354 0.3876304 0.3876468 0.3876448
0.3876275 0.38763 0.3876436 0.387657 0.3876571
0.3876453 0.3876448 0.3876614 0.3876567 0.3876316
0.38767 0.3876874 0.3876747 0.3876719 0.3876867
0.3876655 0.3876438 0.3876454 0.3876341 0.3876492
0.3876401 0.387642 0.3876507 0.3876436 0.3876537
0.387644 0.3876356 0.3876433 0.3876567 0.3876592
0.3876753 0.3876658 0.3876529 0.3876739 0.3876695
0.3876488 0.3876638 0.387631 0.3875937 0.3875859
0.1231481 0.1231427 0.1231383 0.1231315 0.1231503
0.1231389 0.1231502 0.1231494 0.1231238 0.1231172
0.1231062 0.1231475 0.1231624 0.1231637 0.1231761
0.1232057 0.1232204 0.1232196 0.1231836 0.1231831
0.1231935 0.1232136 0.1232207 0.123249 0.1232607
0.1232668 0.1232494 0.1232532 0.123216 0.1232338
0.1232452 0.1232474 0.1232628 0.1232777 0.1232518
0.1232063 0.1232238 0.1232228 0.1232413 0.1232212
0.1232108 0.1232455 0.1232353 0.1232383 0.1232614
0.123268 0.1232978 0.1232828 0.1232875 0.1232849
0.1232927 0.1232875 0.1233115 0.1233062 0.1233206
0.1233118 0.1233208 0.1233339 0.1233244 0.1233154
0.1233167 0.1233386 0.1233161 0.1233369 0.1233455
0.1233107 0.1233106 0.1232837 0.1232898 0.1232927
0.1233113 0.1233111 0.1233152 0.1233107 0.1233237
0.1233007 0.1233079 0.1233051 0.1232918 0.1233164
0.1233064 0.1232761 0.1233072 0.1232927 0.1232892
0.1232802 0.1232894 0.1232841 0.1233039 0.12329
0.1232928 0.1232726 0.1232511 0.1232369 0.1232446
0.1232418 0.1232287 0.1232369 0.1232558 0.123238
0.1232606 0.1232282 0.1232426 0.1232573 0.1232547
0.1232899 0.1232983 0.1233314 0.1233299 0.1233447
0.1233411 0.1233456 0.1233683 0.1233914 0.1233764
0.1233732 0.1233866 0.1233399 0.1233491 0.1233357
0.1233389 0.1233086 0.1233211 0.1233115 0.1233314
0.123314 0.123303 0.1233107 0.1233054 0.123272
0.1232694 0.1232652 0.1232821 0.1232666 0.123247
0.123267 0.12327 0.123283 0.1232615 0.1232535
0.1232579 0.1232386 0.1232235 0.1232157 0.123208
0.1232395 0.1232353 0.1232188 0.1232117 0.1231886
0.1231524 0.1231702 0.1231781 0.1231265 0.1231236
0.1231283 0.1231207 0.1231197 0.1231162 0.1231054
0.1230884 0.1230616 0.1230566 0.1230572 0.1230792
0.1230699 0.1230761 0.1230763 0.1230778 0.1230813
0.1230851 0.1230783 0.1230778 0.1230881 0.1230827
0.123085 0.1230585 0.1230787 0.1230768 0.1230729
0.1230908 0.1230994 0.1230863 0.1230675 0.1229995
0.1229756 0.1229842 0.1229636 0.122953 0.1229548
0.1229698 0.1229828 0.1229839 0.1229813 0.1229983
0.1230031 0.1229979 0.1230069 0.1230133 0.123002
-4.542838 -4.51085 -4.522157 -4.534363 -4.555058
-4.515243 -4.553949 -4.55872 -4.536659 -4.527009
-4.512846 -4.52569 -4.517841 -4.532034 -4.530939
-4.552862 -4.530224 -4.542306 -4.553285 -4.576051
-4.547187 -4.517865 -4.533909 -4.564827 -4.500561
-4.514653 -4.510067 -4.530944 -4.541878 -4.522991
-4.53974 -4.546723 -4.509044 -4.548981 -4.528171
-4.549016 -4.542577 -4.556938 -4.554714 -4.542321
-4.525798 -4.543562 -4.534889 -4.550205 -4.525679
-4.538343 -4.539959 -4.548862 -4.506717 -4.545602
-4.541151 -4.525834 -4.536219 -4.544266 -4.508134
-4.51815 -4.55486 -4.5345 -4.596378 -4.545252
-4.529028 -4.554749 -4.537967 -4.548821 -4.554625
-4.532498 -4.517562 -4.52976 -4.552572 -4.539767
-4.554976 -4.551889 -4.56027 -4.571836 -4.530991
-4.509362 -4.542587 -4.559897 -4.513907 -4.52625
-4.520898 -4.554591 -4.520949 -4.543565 -4.544909
-4.513833 -4.546017 -4.53979 -4.549442 -4.516291
-4.550295 -4.559846 -4.543221 -4.527791 -4.548796
-4.531374 -4.556142 -4.547822 -4.535985 -4.544729
-4.536679 -4.524779 -4.520111 -4.526199 -4.551611
-4.557528 -4.572698 -4.555786 -4.541366 -4.519877
-4.49931 -4.496317 -4.522189 -4.527585 -4.533243
-4.529777 -4.520742 -4.558721 -4.552995 -4.543756
-4.530798 -4.55654 -4.540323 -4.533027 -4.54172
-4.54412 -4.511879 -4.529461 -4.549282 -4.510576
-4.50692 -4.548789 -4.537436 -4.53135 -4.548482
-4.538099 -4.534632 -4.510726 -4.540795 -4.54448
-4.543966 -4.525553 -4.544157 -4.537149 -4.540169
-4.570276 -4.546141 -4.558259 -4.548371 -4.546119
-4.547335 -4.539907 -4.514435 -4.541562 -4.5176
-4.513213 -4.524376 -4.526164 -4.500019 -4.50523
-4.506835 -4.531127 -4.56928 -4.541574 -4.521391
-4.586313 -4.557656 -4.518872 -4.56902 -4.568425
-4.539018 -4.562205 -4.529146 -4.532403 -4.524348
-4.545755 -4.538917 -4.530953 -4.495103 -4.540926
-4.552264 -4.537871 -4.526497 -4.53251 -4.536701
-4.573522 -4.569829 -4.547519 -4.563528 -4.535284
-4.494815 -4.519574 -4.585991 -4.559537 -4.5388
-4.561987 -4.526964 -4.51446 -4.528751 -4.523973
-5.364517 -5.384223 -5.352257 -5.386458 -5.363089
-5.353582 -5.37164 -5.359482 -5.361556 -5.342195
-5.366059 -5.367743 -5.351542 -5.354128 -5.362858
-5.406303 -5.377948 -5.36471 -5.360674 -5.360459
-5.354809 -5.336947 -5.383586 -5.390218 -5.365354
-5.376656 -5.389214 -5.368129 -5.399582 -5.349609
-5.365488 -5.37742 -5.364069 -5.35826 -5.349834
-5.400289 -5.378778 -5.392901 -5.412167 -5.382715
-5.361986 -5.365955 -5.35897 -5.342556 -5.370923
-5.348756 -5.348588 -5.350859 -5.348991 -5.383187
-5.391808 -5.358207 -5.378902 -5.350792 -5.367144
-5.358443 -5.357665 -5.362973 -5.394056 -5.399788
-5.378227 -5.393747 -5.411074 -5.381287 -5.385785
-5.391275 -5.384156 -5.362429 -5.363644 -5.370448
-5.404065 -5.386659 -5.369856 -5.367229 -5.394824
-5.405817 -5.388546 -5.375139 -5.398039 -5.368345
-5.366008 -5.362369 -5.351474 -5.338668 -5.317216
-5.358106 -5.36873 -5.354465 -5.383736 -5.360978
-5.377176 -5.360308 -5.377011 -5.311673 -5.374898
-5.356977 -5.347822 -5.377718 -5.361736 -5.361936
-5.347362 -5.362465 -5.373225 -5.359934 -5.397612
-5.361611 -5.337686 -5.382409 -5.380502 -5.393035
-5.377443 -5.3658 -5.350412 -5.351696 -5.356913
-5.345245 -5.349267 -5.359072 -5.359915 -5.374043
-5.377723 -5.389106 -5.368147 -5.40002 -5.368463
-5.344129 -5.384399 -5.399908 -5.37093 -5.356452
-5.364383 -5.396942 -5.333508 -5.367459 -5.385644
-5.356907 -5.360299 -5.347397 -5.369772 -5.396564
-5.366544 -5.387976 -5.371737 -5.36843 -5.366741
-5.370308 -5.363011 -5.376383 -5.340565 -5.330647
-5.340208 -5.358519 -5.370264 -5.366061 -5.373559
-5.375406 -5.353184 -5.390307 -5.363805 -5.416328
-5.363626 -5.374157 -5.360367 -5.37469 -5.400964
-5.363969 -5.371768 -5.375321 -5.381364 -5.361842
-5.378998 -5.376445 -5.345939 -5.40943 -5.419059
-5.383275 -5.357782 -5.371777 -5.399676 -5.379556
-5.373702 -5.377682 -5.360807 -5.365584 -5.365142
-5.360781 -5.348052 -5.390339 -5.391094 -5.387868
-5.361328 -5.351931 -5.341583 -5.38203 -5.349132
-5.351465 -5.359893 -5.347685 -5.357541 -5.377946
-5.408089 -5.440587 -5.400387 -5.370711 -5.398185
-5.401128 -5.36447 -5.366355 -5.355244 -5.396797
-5.360449 -5.39603 -5.416266 -5.403627 -5.416755
-5.402509 -5.396606 -5.369628 -5.422101 -5.398985
-5.406781 -5.404808 -5.391862 -5.392028 -5.413817
-5.40918 -5.426079 -5.386434 -5.390013 -5.411819
-5.388109 -5.391372 -5.427646 -5.417378 -5.406386
-5.412498 -5.386378 -5.385368 -5.370837 -5.400493
-5.41809 -5.432299 -5.422285 -5.410031 -5.394992
-5.405447 -5.390445 -5.395442 -5.40087 -5.401266
-5.386573 -5.409107 -5.427618 -5.423392 -5.432866
-5.394464 -5.425193 -5.423621 -5.403944 -5.383907
-5.379535 -5.406572 -5.401997 -5.401659 -5.450307
-5.410001 -5.419316 -5.424464 -5.406014 -5.437924
-5.403569 -5.416871 -5.393353 -5.406247 -5.4129
-5.410026 -5.366564 -5.401971 -5.409162 -5.422359
-5.43341 -5.416733 -5.375914 -5.406346 -5.387863
-5.396176 -5.409713 -5.404719 -5.37648 -5.406736
-5.398157 -5.410372 -5.402542 -5.414286 -5.422792
-5.379323 -5.400331 -5.370366 -5.387538 -5.416924
-5.389692 -5.418775 -5.398222 -5.415497 -5.392403
-5.368814 -5.382912 -5.392434 -5.399254 -5.402485
-5.394535 -5.421855 -5.402267 -5.449045 -5.436988
-5.405405 -5.412555 -5.41239 -5.410596 -5.404076
-5.361598 -5.373723 -5.404746 -5.397833 -5.402081
-5.382355 -5.396907 -5.397658 -5.422109 -5.393208
-5.414666 -5.398601 -5.404655 -5.372657 -5.392171
-5.379492 -5.37442 -5.405215 -5.386435 -5.41318
-5.393122 -5.386497 -5.396421 -5.399356 -5.390663
-5.425051 -5.400087 -5.374069 -5.388978 -5.373588
-5.424141 -5.404886 -5.396517 -5.401241 -5.389562
-5.3805 -5.398468 -5.370312 -5.364395 -5.416834
-5.3954 -5.428285 -5.392563 -5.398277 -5.399479
-5.40453 -5.37945 -5.412616 -5.376984 -5.400419
-5.407682 -5.40311 -5.386638 -5.366852 -5.415291
-5.419042 -5.402795 -5.410262 -5.362027 -5.367035
-5.388564 -5.389854 -5.419142 -5.386182 -5.358854
-5.386485 -5.3633 -5.421025 -5.402247 -5.417152
-5.405872 -5.368412 -5.402869 -5.401544 -5.390943
-5.369259 -5.404627 -5.402634 -5.401985 -5.3664
-5.146901 -5.196179 -5.160801 -5.158426 -5.184318
-5.155346 -5.178746 -5.171625 -5.184848 -5.165091
-5.164992 -5.190553 -5.164862 -5.187496 -5.151697
-5.170815 -5.162594 -5.195889 -5.150347 -5.217579
-5.170933 -5.181834 -5.189644 -5.179365 -5.164962
-5.159492 -5.157593 -5.168339 -5.156545 -5.208031
-5.161301 -5.197821 -5.187226 -5.188331 -5.182267
-5.143317 -5.166888 -5.171649 -5.167966 -5.184053
-5.173838 -5.183199 -5.176555 -5.176568 -5.148817
-5.158567 -5.17165 -5.170864 -5.146829 -5.162729
-5.180351 -5.201692 -5.185473 -5.201378 -5.207729
-5.175348 -5.182607 -5.190726 -5.153146 -5.197044
-5.205759 -5.18498 -5.19489 -5.1692 -5.140764
-5.181323 -5.199543 -5.168541 -5.211327 -5.192622
-5.176308 -5.162557 -5.196264 -5.166073 -5.1796
-5.217458 -5.174832 -5.239258 -5.156641 -5.174924
-5.147668 -5.169934 -5.168901 -5.163589 -5.17674
-5.183305 -5.160766 -5.200583 -5.181675 -5.20144
-5.167282 -5.146672 -5.172091 -5.199121 -5.187069
-5.198368 -5.169709 -5.179832 -5.19007 -5.18249
-5.186185 -5.169634 -5.15377 -5.206432 -5.137712
-5.190391 -5.175648 -5.188243 -5.174827 -5.194318
-5.172791 -5.181547 -5.160194 -5.156215 -5.185219
-5.165752 -5.180374 -5.194944 -5.206961 -5.174429
-5.190745 -5.209457 -5.191466 -5.189758 -5.195452
-5.170586 -5.166055 -5.163366 -5.177281 -5.172182
-5.165739 -5.166105 -5.144793 -5.192643 -5.154751
-5.153353 -5.199905 -5.179949 -5.15219 -5.177805
-5.174353 -5.184161 -5.184291 -5.198848 -5.166212
-5.16458 -5.191554 -5.184048 -5.162352 -5.138544
-5.13488 -5.204421 -5.205319 -5.146993 -5.147996
-5.176941 -5.167842 -5.162176 -5.127031 -5.154059
-5.173989 -5.181316 -5.203006 -5.137558 -5.136067
-5.133613 -5.159172 -5.195013 -5.187824 -5.169637
-5.154828 -5.187193 -5.144198 -5.186055 -5.201418
-5.1983 -5.196396 -5.156833 -5.18828 -5.192648
-5.196476 -5.172772 -5.153026 -5.186065 -5.200992
-5.155023 -5.169511 -5.18634 -5.1683 -5.173456
-5.18838 -5.179088 -5.172369 -5.171438 -5.143502
-5.17238 -5.175623 -5.148877 -5.183355 -5.166679
0 0 0 0 0
0 0 0 0 0
0 0 0 0 0
0 0 0 0 0
0 0 0 0 0
0 0 0 0 0
0 0 0 0 0
0 0 0 0 0
0 0 0 0 0
0 0 0 0 0
0 0 0 0 0
0 0 0 0 0
0 0 0 0 0
0 0 0 0 0
0 0 0 0 0
0 0 0 0 0
0 0 0 0 0
0 0 0 0 0
0 0 0 0 0
0 0 0 0 0
0 0 0 0 0
0 0 0 0 0
0 0 0 0 0
0 0 0 0 0
0 0 0 0 0
0 0 0 0 0
0 0 0 0 0
0 0 0 0 0
0 0 0 0 0
0 0 0 0 0
0 0 0 0 0
0 0 0 0 0
0 0 0 0 0
0 0 0 0 0
0 0 0 0 0
0 0 0 0 0
0 0 0 0 0
0 0 0 0 0
0 0 0 0 0
0 0 0 0 0
0 0 0 0 0
0 0 0 0 0
0 0 0 0 0
0 0 0 0 0
0 0 0 0 0
0 0 0 0 0
0 0 0 0 0
0 0 0 0 0
0 0 0 0 0
0 0 0 0 0
0 0 0 0 0
0 0 0 0 0
0 0 0 0 0
0 0 0 0 0
0 0 0 0 0
0 0 0 0 0
0 0 0 0 0
0 0 0 0 0
0 0 0 0 0
0 0 0 0 0
0 0 0 0 0
0 0 0 0 0
0 0 0 0 0
0 0 0 0 0
0 0 0 0 0
0 0 0 0 0
0 0 0 0 0
0 0 0 0 0
0 0 0 0 0
0 0 0 0 0
0 0 0 0 0
0 0 0 0 0
0 0 0 0 0
0 0 0 0 0
0 0 0 0 0
0 0 0 0 0
0 0 0 0 0
0 0 0 0 0
0 0 0 0 0
0 0 0 0 0
0 0 0 0 0
0 0 0 0 0
0 0 0 0 0
0 0 0 0 0
0 0 0 0 0
0 0 0 0 0
0 0 0 0 0
0 0 0 0 0
0 0 0 0 0
0 0 0 0 0
0 0 0 0 0
0 0 0 0 0
0 0 0 0 0
0 0 0 0 0
0 0 0 0 0
0 0 0 0 0
0 0 0 0 0
0 0 0 0 0
0 0 0 0 0
0 0 0 0 0
0 0 0 0 0
0 0 0 0 0
0 0 0 0 0
0 0 0 0 0
0 0 0 0 0
0 0 0 0 0
0 0 0 0 0
0 0 0 0 0
0 0 0 0 0
0 0 0 0 0
0 0 0 0 0
0 0 0 0 0
0 0 0 0 0
0 0 0 0 0
0 0 0 0 0
0 0 0 0 0
0 0 0 0 0
0 0 0 0 0
0 0 0 0 0
0 0 0 0 0
0 0 0 0 0
0 0 0 0 0
0 0 0 0 0
0 0 0 0 0
0 0 0 0 0
0 0 0 0 0
0 0 0 0 0
0 0 0 0 0
0 0 0 0 0
0 0 0 0 0
0 0 0 0 0
0 0 0 0 0
0 0 0 0 0
0 0 0 0 0
0 0 0 0 0
0 0 0 0 0
0 0 0 0 0
0 0 0 0 0
0 0 0 0 0
0 0 0 0 0
0 0 0 0 0
0 0 0 0 0
0 0 0 0 0
0 0 0 0 0
0 0 0 0 0
0 0 0 0 0
0 0 0 0 0
0 0 0 0 0
0 0 0 0 0
0 0 0 0 0
0 0 0 0 0
0 0 0 0 0
0 0 0 0 0
0 0 0 0 0
0 0 0 0 0
0 0 0 0 0
0 0 0 0 0
0 0 0 0 0
0 0 0 0 0
0 0 0 0 0
4.837208 4.792545 4.823284 4.833833 4.826227
4.834514 4.804356 4.854711 4.821622 4.817349
4.80298 4.835534 4.814163 4.787243 4.813421
4.797648 4.796615 4.801311 4.847604 4.84768
4.86579 4.834531 4.834715 4.828619 4.807155
4.77923 4.845516 4.814957 4.861908 4.822995
4.830567 4.817142 4.809813 4.842764 4.821384
4.84293 4.8336 4.835244 4.828437 4.861087
4.826078 4.828162 4.843645 4.815669 4.82774
4.855563 4.852693 4.823228 4.797321 4.823941
4.820194 4.816261 4.799235 4.806805 4.816305
4.823007 4.843166 4.82515 4.887044 4.855973
4.822433 4.83925 4.846136 4.86793 4.834078
4.815268 4.806438 4.841898 4.819179 4.826709
4.834745 4.82998 4.859694 4.866842 4.836052
4.821677 4.828852 4.831341 4.827429 4.847252
4.817377 4.822363 4.803341 4.822827 4.819474
4.828487 4.845765 4.807476 4.834483 4.835557
4.818206 4.826706 4.820182 4.827268 4.831149
4.849706 4.84669 4.849984 4.819856 4.838741
4.817497 4.811659 4.808975 4.822745 4.80382
4.864178 4.845234 4.827853 4.813327 4.799475
4.797814 4.792807 4.806642 4.823697 4.829655
4.803951 4.822426 4.820911 4.871817 4.848748
4.834044 4.812079 4.828892 4.812175 4.831838
4.80793 4.840291 4.815623 4.809315 4.818897
4.820898 4.84734 4.817026 4.817293 4.810563
4.821641 4.828025 4.845674 4.836163 4.848454
4.817243 4.807589 4.813334 4.802931 4.805431
4.844571 4.819199 4.820945 4.850894 4.847047
4.854071 4.842568 4.822588 4.842446 4.842048
4.839699 4.80763 4.817138 4.788544 4.793636
4.806129 4.821016 4.845378 4.828727 4.819598
4.85767 4.843604 4.845571 4.850149 4.856923
4.847027 4.84219 4.836731 4.837091 4.831097
4.830489 4.83247 4.808537 4.806937 4.81887
4.820383 4.816196 4.838627 4.810596 4.811683
4.843271 4.837436 4.821301 4.820424 4.830164
4.805806 4.8037 4.851033 4.829383 4.846658
4.836063 4.81542 4.81588 4.82754 4.826916
4.794141 4.808531 4.805174 4.806435 4.807719
4.811836 4.783814 4.820388 4.793979 4.792579
4.78733 4.80647 4.803774 4.815268 4.806621
4.785774 4.806952 4.799156 4.823615 4.824426
4.762952 4.813811 4.798301 4.817585 4.811451
4.802658 4.813505 4.820644 4.829715 4.821833
4.821095 4.812173 4.808732 4.808796 4.819604
4.807928 4.831628 4.805885 4.819818 4.831209
4.827405 4.810017 4.795471 4.765822 4.796605
4.790381 4.776902 4.789651 4.770679 4.82336
4.824325 4.797187 4.827739 4.810926 4.815996
4.799001 4.7869 4.788898 4.824016 4.810064
4.804561 4.818765 4.82641 4.835007 4.814027
4.802426 4.828815 4.787393 4.822519 4.818008
4.82617 4.810398 4.787249 4.797696 4.798221
4.852443 4.830121 4.820021 4.800801 4.769611
4.783263 4.815575 4.798153 4.769673 4.790505
4.819022 4.80945 4.795611 4.806592 4.828854
4.812272 4.80394 4.796369 4.811631 4.793882
4.791292 4.807889 4.820027 4.783898 4.804479
4.786673 4.798689 4.808654 4.80517 4.817403
4.804914 4.806511 4.81022 4.790159 4.82108
4.791958 4.798361 4.760052 4.766265 4.796207
4.793861 4.808456 4.814603 4.817036 4.830947
4.804378 4.789103 4.795594 4.803343 4.787007
4.797268 4.817325 4.813458 4.810674 4.801741
4.809127 4.846139 4.807649 4.802401 4.812346
4.797412 4.805955 4.791958 4.7874 4.825581
4.815138 4.82188 4.823743 4.795752 4.817823
4.801171 4.803534 4.794701 4.781813 4.749635
4.760008 4.797294 4.793005 4.783647 4.794459
4.827861 4.814656 4.811749 4.80509 4.821303
4.81903 4.824753 4.804259 4.819091 4.818207
4.828374 4.814381 4.825038 4.806567 4.797112
4.819447 4.807424 4.816183 4.855536 4.833247
4.816415 4.763167 4.800722 4.826292 4.794275
4.796544 4.814798 4.817197 4.810781 4.804058
4.811274 4.810081 4.815564 4.826907 4.813816
4.790047 4.791059 4.797565 4.78619 4.795747
4.784933 4.780623 4.807184 4.818684 4.808514
4.83052 4.82088 4.827679 4.825199 4.811793
4.813418 4.796247 4.800209 4.78446 4.782413
4.78768 4.784268 4.83232 4.82165 4.815843
4.792467 4.813834 4.794581 4.832741 4.829485
4.80648 4.78228 4.790622 4.806544 4.834347
4.831528 4.826647 4.835324 4.801288 4.802435
4.786195 4.807642 4.838838 4.829433 4.824361
4.803676 4.771872 4.81154 4.78839 4.807694
4.813849 4.826434 4.821286 4.823708 4.805282
4.817892 4.830706 4.79707 4.832333 4.794664
4.77768 4.800048 4.825333 4.804463 4.836523
4.821614 4.81509 4.836829 4.805276 4.786168
4.77494 4.777672 4.823067 4.817238 4.829207
4.816587 4.815403 4.812789 4.821958 4.848773
4.796366 4.840583 4.83312 4.823435 4.821926
4.791267 4.794989 4.78814 4.801609 4.811252
4.818597 4.800054 4.787559 4.807245 4.822364
4.80867 4.810193 4.791449 4.78361 4.785712
4.79089 4.809145 4.831749 4.808701 4.811724
4.798298 4.798707 4.806946 4.799455 4.80839
4.809767 4.82399 4.809119 4.804003 4.800311
4.805491 4.80107 4.797922 4.815376 4.813778
4.785923 4.821323 4.818533 4.819041 4.82455
4.818718 4.809931 4.799638 4.786851 4.783606
4.780347 4.791305 4.819605 4.777288 4.804988
4.798146 4.772598 4.818511 4.827067 4.796274
4.815647 4.800488 4.80697 4.787597 4.799479
4.803106 4.796097 4.804142 4.797709 4.809185
4.817226 4.806641 4.808069 4.826171 4.799909
4.77907 4.783237 4.787541 4.781377 4.798709
4.804248 4.803756 4.802615 4.821905 4.811563
4.812422 4.786499 4.789695 4.783273 4.803932
4.828442 4.837277 4.82864 4.802322 4.795818
4.795136 4.774227 4.803856 4.814318 4.794761
4.790489 4.79668 4.799402 4.812235 4.820629
4.817632 4.822623 4.816354 4.771672 4.792891
4.784452 4.809432 4.789964 4.782789 4.760656
4.790297 4.775215 4.804342 4.820351 4.82816
4.796692 4.797228 4.83695 4.808851 4.825716
4.810283 4.805172 4.822435 4.790872 4.790188
4.699376 4.716614 4.714724 4.681401 4.718349
4.703285 4.700058 4.72575 4.714496 4.723569
4.713318 4.718866 4.680421 4.711083 4.69622
4.703031 4.706427 4.73938 4.730599 4.727075
4.710723 4.723987 4.748564 4.724268 4.710352
4.705721 4.707737 4.716124 4.710857 4.732685
4.708036 4.73871 4.708101 4.738877 4.723414
4.707285 4.703743 4.736181 4.71721 4.696214
4.707121 4.737339 4.735361 4.723806 4.70503
4.722339 4.725307 4.709074 4.670645 4.712976
4.701526 4.727195 4.721247 4.713343 4.716012
4.71101 4.730668 4.728582 4.733827 4.728674
4.734364 4.725322 4.710393 4.709798 4.697285
4.733809 4.714095 4.706537 4.725599 4.726798
4.710521 4.709714 4.724712 4.714081 4.72934
4.735839 4.714859 4.745877 4.705229 4.67897
4.675529 4.690783 4.720059 4.716182 4.711747
4.720874 4.697018 4.718153 4.714312 4.706346
4.681353 4.691367 4.715264 4.719343 4.713984
4.754361 4.724522 4.691629 4.710233 4.70801
4.716186 4.700053 4.689354 4.742394 4.72257
4.698828 4.697166 4.723729 4.697135 4.724124
4.703521 4.708431 4.71334 4.694318 4.736821
4.714429 4.714979 4.714016 4.703012 4.706483
4.718173 4.756318 4.722607 4.735223 4.734201
4.701009 4.735953 4.695536 4.702319 4.722738
4.723073 4.708261 4.718247 4.69845 4.68019
4.707463 4.740735 4.728447 4.71317 4.703139
4.721894 4.71142 4.724609 4.720363 4.722267
4.71557 4.716842 4.704193 4.720955 4.702455
4.72399 4.708098 4.730717 4.722794 4.700705
4.702691 4.717378 4.708377 4.704553 4.71798
4.730114 4.720865 4.735497 4.715071 4.696697
4.690545 4.697195 4.731495 4.729665 4.738159
4.690102 4.685896 4.714592 4.729982 4.761911
4.749737 4.740698 4.713563 4.712193 4.747501
4.74764 4.705638 4.71046 4.722974 4.722609
4.69822 4.691188 4.737095 4.706107 4.726204
4.722284 4.726325 4.727727 4.73442 4.715439
4.71959 4.730158 4.707831 4.726094 4.735736
