0.625988 0.6313559 0.6402022 0.6408621 0.6363819
0.6347362 0.636018 0.6367709 0.6388965 0.6401435
0.6398946 0.6428695 0.6417963 0.644981 0.6451526
0.6450949 0.6439835 0.6451192 0.6466401 0.6451389
0.5245135 0.5404822 0.5466981 0.5422403 0.5421408
0.5595023 0.5624649 0.5577289 0.5611052 0.5760927
0.5812485 0.5827075 0.5989993 0.5855674 0.5843849
0.5926758 0.5889252 0.5886725 0.5989119 0.6041372
0.641842 0.6437128 0.6434898 0.64428 0.6452812
0.6444518 0.6461518 0.6460341 0.6460917 0.6461938
0.6465935 0.6470614 0.6470513 0.6471111 0.6470148
0.6470719 0.6470102 0.6470463 0.6470733 0.6469877
0.6124106 0.6160165 0.6178848 0.6231569 0.6191018
0.619606 0.623586 0.6241887 0.6280394 0.6291969
0.6294089 0.6272652 0.6276471 0.6282357 0.6295439
0.6314363 0.6322857 0.6334515 0.6325589 0.6344385
-0.07367144 -0.06809479 -0.0656091 -0.05777894 -0.04904922
-0.03977244 -0.03434743 -0.02929195 -0.02515412 -0.02011773
-0.01637343 -0.01572763 -0.01249603 -0.0117802 -0.009827457
-0.008573041 -0.005675919 -0.004570548 -0.004097717 -0.002353414
-0.4320015 -0.4374228 -0.4355382 -0.4262164 -0.4096791
-0.3845229 -0.3769483 -0.3539471 -0.3252726 -0.3047696
-0.2929039 -0.2806934 -0.2698547 -0.2492335 -0.2296339
-0.220914 -0.2015406 -0.1812405 -0.168518 -0.1582017
-0.007812504 -0.006357327 -0.004130346 -0.002780698 -0.001685148
0.0003482519 0.0009205777 0.001794693 0.0029387 0.004106775
0.004684463 0.004808527 0.00545722 0.005823435 0.006164876
0.006493708 0.00688457 0.007062215 0.007161127 0.007390757
-0.1262507 -0.1159585 -0.1120918 -0.1068643 -0.09931265
-0.09315065 -0.08863291 -0.08359747 -0.0816535 -0.08025566
-0.07678032 -0.07135641 -0.06759949 -0.06213321 -0.05980986
-0.05610905 -0.05185757 -0.04999082 -0.04352628 -0.04074666
-0.002815453 3.829746e-05 -0.001675675 -0.00362464 -0.006188194
-0.01067593 -0.01308378 -0.01250571 -0.01457893 -0.01806859
-0.01891678 -0.01934709 -0.02016001 -0.02122918 -0.02175462
-0.02333884 -0.02502838 -0.02602738 -0.02687146 -0.02735655
-0.38327 -0.3521128 -0.3018073 -0.2698534 -0.2235359
-0.2225423 -0.1929861 -0.1718883 -0.1730839 -0.1490355
-0.1333249 -0.1077703 -0.110544 -0.09980325 -0.09197852
-0.08663968 -0.09113496 -0.08759599 -0.08286055 -0.07256632
-0.02012081 -0.02120626 -0.02121108 -0.02193886 -0.02293678
-0.024072 -0.02454259 -0.02495717 -0.02589648 -0.02700727
-0.02748593 -0.02785015 -0.02821221 -0.02866778 -0.02890093
-0.02930186 -0.02976444 -0.03005538 -0.03024104 -0.03055195
-0.09421154 -0.09086097 -0.08711349 -0.08114605 -0.07632848
-0.07644932 -0.0776569 -0.0777324 -0.07658472 -0.07141462
-0.06549654 -0.06417623 -0.05981914 -0.05838216 -0.0540055
-0.05149832 -0.05342477 -0.04808738 -0.04650602 -0.04558043
5.213802 5.029398 4.935285 4.838014 4.784985
4.744033 4.683454 4.580076 4.530825 4.502339
4.455675 4.415046 4.397387 4.368938 4.343333
4.344251 4.341596 4.32977 4.31917 4.315108
16.54925 16.03882 15.28305 14.74822 13.89634
13.37179 12.84048 12.28394 11.87726 11.14433
10.6734 10.1241 9.892927 9.544379 9.167787
8.92085 8.720667 8.387446 8.012707 7.697105
4.32046 4.298099 4.266897 4.248896 4.237818
4.232871 4.213543 4.207339 4.203511 4.199832
4.195366 4.193829 4.190411 4.189993 4.189487
4.190442 4.191086 4.192205 4.193243 4.195306
7.444838 7.210245 7.079769 6.869078 6.726565
6.632926 6.536985 6.463704 6.381067 6.273971
6.135301 6.059871 5.935416 5.837739 5.718788
5.608667 5.562354 5.448301 5.336765 5.261335
