193 5
9671046 1610565 10799997 4963068 20625451
1867396 54209 10286184 7042634 3894494
109527 161825 50101943 230831 8190006
9152271 92633 2419644 225993 3354895
3180020 523997 72758801 79846 7867008
4881947 2940498 5433306 5409083 17909009
210933 1503509 2954088 7651579 658270094
16004714 193052 15367539 1013581 1334004
3638385 4045251 7133582 572997 9521854
4579770 84877 3308941 4439206 27903093
2773095 252115 1423599 1216003 22553350
393366 4430001 45688594 32377 79335
485732 372625 4159500 72814899 6742107
8333499 89844 275526 67436 4158956
3540756 593289 560184 3867502 1999530
3075605 9982612 175998 447844159 91946612
21999103 7379922 2828866 2089963 49519312
1629025 92500572 895357 9995997 8105435
10946479 25074152 263718 2172500 2129968
2131890 1907573 851594 1115736 1349004
2769849 314002 171450 1391996 5103652
3525246 8160113 90050 5247877 312905
281865 854167 659351 24055 38418829
44536 3003500 957044 11625999 7647298
20957397 602545 9740462 11418460 134776
78005 2372000 1772895 3249965 45926253
3580998 557492 45920204 1128378 1966961
1905829 9929439 26010295 29033001 8882954
2358747 47085 335329 18407002 119905701
2771018 109917 64251 4041422 3047804
2187240 1633694 4093623 1580010 118054
2819246 17396477 30413044 10020405 90213
80948 11561784 290000 349181 7480001
5296052 4566822 10493206 2082499 10074485
27312399 499676 1577708 61601 841210
4220701 28160579 1593501 6788219 42783010
89871 52544356 186326215 2538095 8558503
63702 7562108 35172657 32632 1069013
5116419 3044733 3752373 11964906 2135599
13746185 5926333 23983358 2518408 59066
12728362 7465908 5172002 169367 211878
66881158 238593 9039503 9624908 122336
2849508 301879 4216572 3564389 692959
96078304 125088 8489572 5807492 3513499
6937996 6841763 21716855 274282 1828709
3655905 9577572 814622841 21329811 238032
20267009 1335088 1820379 5416416 4169217
8701886 613735 9788863 4928704 161622
4511577 5972464 35923283 3736311 290907
1847000 1365002 28959382 520555 4605998
50763212 48561 110872 529526 458663
4707491 78169287 8681818 8793002 94393
320063 85459 5447687 4153653 602916
720738 4709644 2688208 3958092 10315420
204101 553873890 118361740 28662011 10021785
2963020 2849534 53324772 1869031 103710287
1666920 13109992 11252318 14246772 31443029
753142 2964499 2691207 2365705 2464286
1033044 1439677 1994000 3137113 339184
250995 1567968 6548922 4531280 10909353
115772 6034022 303607 325561 1133539
826862 36755 51868335 61431 3594501
1281535 15309995 9453385 26164131 780386
11917872 12958757 159179 105134 2819597
2398160 4372957 57357275 3877383 731703
59382651 1509822 2434698 2482508 13187182
35451392 32529022 8684237 2715540 108401
462096 20252540 130391798 3748672 142354
73630 5771846 4096245 2593123 2074099
4509366 1669731 160256 3601206 22502306
33791761 12554583 104101 90465 14765539
372297 445735 8042839 6169124 6368017
14559451 2941501 13604523 36915397 604382
2097273 84369 967658 5127001 35464196
2188499 9445932 47316501 231754 55645390
209463865 2809117 11972994 85393 10680678
44927973 64070 1124591 6144992 4138837
5206229 14185729 2671300 18811199 7638420
28131040 3096298 60099 14709918 7548798
6160502 210600 357957 80624423 248796
9658500 9847297 143829 3610578 430633
5352649 3913536 996211 121711864 189300
8861536 7212088 4129997 6505693 9109727
24516277 300047 2273630 4554089 11178817
983170638 26874906 328861 27018690 1798285
2343345 8500985 4376608 9812223 685510
10261606 5123026 340133 5794074 7957811
44952497 4656263 220582 2468902 1472898
35426282 635297 4779488 53880143 67799
151098 682641 629786 5073000 78288577
10922708 9642504 88936 326951 106572
7036484 4406831 834611 776856 5687812
3627640 5053554 10698534 228160 700058589
150820044 38576541 13743534 3417798 3745797
56221171 2132390 115914688 2298691 14918991
16267558 17239340 37459530 1376963 3627499
3234555 2513349 2794638 1309981 1922536
3063000 3430089 364158 246230 1794830
8608964 6239898 13832586 156626 7245598
326709 326254 1517817 964023 55016
68776411 72962 4009998 1693122 19566920
12145501 32864901 1012824 15045329 14088274
173297 142424 3147183 3242190 5871030
75543388 4085621 1181337 80492664 1953029
3215339 3194768 17286832 47063923 35577214
9785924 3196011 221594 509883 22201389
138655363 5178927 155016 94688 9801475
5414070 3161751 2414563 4961607 1831881
229235 6435589 29077186 37495321 15082771
117691 100450 20070866 365749 603385
8310467 6303346 8906543 17810141 3952691
18685789 47482643 580707 2666921 92999
1078200 6457092 44105216 2861000 12662131
50043550 1016228 56303011 229825004 2914683
15951899 115641 15036273 54023152 98423
1510360 7945180 5775165 7289463 13032161
3289483 25299182 10335052 32642442 3544695
62147 17096153 7670513 7211692 256128
492891 105256026 259501 10259700 9949019
190241 4773137 558500 6658462 4308197
1382371 149650206 252125 8818915 9323996
5601720 9531928 12180819 27700854 348165
2934777 6011224 13187821 1145195229 33203321
437876 36406226 2388902 3070240 12517730
4517200 10570328 766663 10302718 5141034
562290 7194666 10260587 56843275 5332842
373887 3158295 1567631 48333261 728390
4986441 56708260 117038 195383 929044
966151 5459999 79098094 14793415 10160501
96200 386465 133914 8923131 5759374
1016695 724931 7124877 4889311 5793857
10376320 254793 873785449 184345939 54870583
17373767 3531219 4499949 56832330 2364909
122251184 3415567 16530000 23447177 20143212
42980365 2087687 4394502 4192414 2663905
2948372 1639177 2127098 4334459 3695890
381225 359709 1909353 11280625 9380892
18208562 219474 8672868 367524 359377
1995548 1059548 92413 84306602 96319
4363950 2192553 24781105 13547076 39268304
1414830 19081064 14891719 190539 169689
3397983 4120797 7788198 97552057 4241485
1868055 111844679 2415926 4157654 4243860
21685537 61628668 38056174 9925477 3528815
473722 612034 23206719 148243501 7109538
161308 116117 16139053 7241573 3981567
3016624 5270072 1926701 309527 6599249
36793907 38889158 17337048 138042 107449
26494169 406890 862947 8558829 6673738
12324116 20232757 5303152 25478979 57072058
743145 3665509 95150 1215494 8215111
54130268 3668000 17699717 51644914 1808642
57214474 253339097 3109122 20515248 146636
19685177 67101583 103253 2081424 11948209
7860053 10469202 22856302 3071856 30533827
13926373 36930709 3076098 90271 19164351
8004712 8110723 297651 638193 129592275
267511 10057810 10175684 250512 6517810
571262 8307248 3693698 1757925 174425387
327036 8006158 12294012 6374347 12446949
15678269 30667365 437238 3701607 8222327
15419820 1269116737 39764166 562469 49626200
3135773 3919180 16581653 4505533 11104313
943294 10242890 5339501 731930 8591967
12345023 67648419 5940305 520380 3667576
1370749 65577897 811718 5173370 59047795
164983 237638 1235274 1297084 4745765
82349027 19165490 10986883 101522 427214
155147 11237101 8344486 1240655 733101
8645371 6218151 6783317 10210545 281210
1053898107 213395411 65342319 23857458 3803780
6014953 56986329 2581648 125720310 4827096
14956694 31253701 22894095 45987624 1940786
4954850 5317060 2384972 3742329 1963878
2847290 5231189 3500028 435491 431867
2009091 15364272 11228756 23414909 273236
11295324 397420 385349 2642743 1196027
148753 99959594 107103 4106736 2411369
28793236 18200656 44957660 1895839 24400606
15862825 179769 211965 3858032 5073704
10922421 123688536 4490859 2264163 144522192
2956126 5378824 5343539 25861887 77309965
38302444 10336209 3814353 590957 738984
22191683 146757517 8098344 176549 141010
20045276 9505862 4143115 3919300 5404845
1985406 408732 7399033 44760380 40288457
18745084 157108 107891 34187729 466846
1063832 8860153 7167908 15988534 21936014
6172807 34038161 63155029 830089 4793504
97935 1292058 9456117 63627862 4501419
24213120 48891792 3033491 58874117 282496310
3319066 24775610 185074 24348304 78758010
108511 3198560 17723186 10201562 12509477
